1000 1000
0 36
1 927
2 244
3 916
4 480
5 476
6 408
7 978
8 224
9 633
10 953
11 630
12 44
13 715
14 655
15 753
16 77
17 171
18 437
19 235
20 708
21 916
22 265
23 958
24 398
25 366
26 880
27 184
28 953
29 96
30 458
31 800
32 599
33 24
34 415
35 726
36 552
37 898
38 499
39 256
40 297
41 780
42 241
43 973
44 56
45 94
46 603
47 947
48 34
49 664
50 6
51 231
52 12
53 650
54 673
55 137
56 223
57 77
58 449
59 697
60 655
61 90
62 21
63 475
64 560
65 298
66 142
67 672
68 146
69 243
70 412
71 579
72 642
73 846
74 467
75 364
76 691
77 520
78 871
79 676
80 229
81 923
82 340
83 544
84 426
85 200
86 662
87 3
88 756
89 75
90 957
91 488
92 83
93 566
94 936
95 767
96 18
97 813
98 506
99 279
100 424
101 247
102 947
103 967
104 351
105 233
106 656
107 602
108 7
109 169
110 95
111 971
112 710
113 937
114 825
115 872
116 576
117 95
118 2
119 293
120 445
121 409
122 51
123 636
124 233
125 855
126 185
127 898
128 11
129 391
130 106
131 818
132 909
133 59
134 785
135 475
136 928
137 495
138 916
139 816
140 33
141 809
142 85
143 252
144 847
145 52
146 724
147 207
148 960
149 511
150 485
151 747
152 792
153 302
154 419
155 490
156 108
157 310
158 698
159 89
160 169
161 486
162 626
163 190
164 117
165 691
166 765
167 401
168 767
169 836
170 676
171 528
172 707
173 891
174 754
175 482
176 351
177 208
178 398
179 353
180 811
181 477
182 134
183 362
184 433
185 541
186 518
187 139
188 643
189 367
190 678
191 183
192 545
193 2
194 712
195 422
196 778
197 380
198 833
199 818
200 380
201 761
202 646
203 652
204 785
205 967
206 179
207 501
208 984
209 869
210 324
211 322
212 238
213 188
214 957
215 838
216 227
217 680
218 614
219 226
220 441
221 6
222 587
223 328
224 92
225 182
226 889
227 784
228 116
229 117
230 552
231 649
232 254
233 275
234 452
235 844
236 260
237 823
238 108
239 846
240 529
241 675
242 534
243 546
244 975
245 12
246 777
247 533
248 806
249 6
250 82
251 547
252 226
253 28
254 805
255 535
256 248
257 536
258 336
259 306
260 587
261 135
262 652
263 186
264 60
265 905
266 718
267 716
268 274
269 648
270 933
271 876
272 717
273 886
274 211
275 927
276 502
277 133
278 853
279 118
280 852
281 637
282 233
283 868
284 49
285 936
286 99
287 219
288 694
289 945
290 739
291 226
292 5
293 93
294 977
295 342
296 484
297 321
298 304
299 608
300 193
301 548
302 137
303 681
304 103
305 579
306 408
307 540
308 40
309 322
310 193
311 595
312 551
313 972
314 832
315 107
316 513
317 930
318 408
319 866
320 803
321 489
322 686
323 88
324 268
325 560
326 405
327 835
328 714
329 343
330 640
331 347
332 52
333 678
334 966
335 795
336 357
337 453
338 781
339 997
340 245
341 3
342 667
343 862
344 5
345 212
346 43
347 884
348 427
349 588
350 68
351 782
352 679
353 325
354 860
355 731
356 156
357 577
358 868
359 250
360 194
361 118
362 809
363 511
364 293
365 725
366 499
367 2
368 386
369 139
370 196
371 429
372 86
373 194
374 252
375 670
376 823
377 488
378 362
379 818
380 941
381 480
382 565
383 942
384 637
385 419
386 542
387 797
388 695
389 966
390 919
391 186
392 987
393 939
394 251
395 30
396 597
397 949
398 280
399 423
400 563
401 824
402 754
403 26
404 732
405 127
406 47
407 599
408 732
409 34
410 198
411 860
412 382
413 948
414 227
415 94
416 489
417 435
418 731
419 634
420 594
421 191
422 15
423 311
424 923
425 67
426 640
427 557
428 317
429 236
430 967
431 108
432 883
433 830
434 857
435 278
436 839
437 785
438 399
439 969
440 962
441 621
442 760
443 656
444 164
445 81
446 495
447 213
448 203
449 352
450 804
451 378
452 259
453 897
454 853
455 884
456 893
457 115
458 414
459 797
460 545
461 328
462 950
463 454
464 396
465 291
466 216
467 397
468 711
469 459
470 384
471 832
472 380
473 876
474 9
475 158
476 590
477 244
478 671
479 945
480 324
481 783
482 936
483 30
484 840
485 417
486 291
487 529
488 42
489 903
490 118
491 225
492 372
493 673
494 105
495 685
496 488
497 419
498 850
499 74
500 421
501 315
502 511
503 492
504 168
505 287
506 196
507 801
508 291
509 684
510 582
511 678
512 476
513 332
514 352
515 593
516 574
517 38
518 362
519 785
520 307
521 204
522 644
523 878
524 951
525 549
526 405
527 46
528 870
529 994
530 417
531 880
532 575
533 950
534 617
535 748
536 429
537 332
538 684
539 592
540 585
541 42
542 991
543 275
544 752
545 637
546 786
547 982
548 733
549 877
550 332
551 842
552 973
553 541
554 406
555 696
556 88
557 687
558 571
559 618
560 584
561 918
562 682
563 85
564 32
565 105
566 777
567 21
568 701
569 873
570 478
571 302
572 226
573 600
574 626
575 434
576 912
577 891
578 884
579 621
580 994
581 348
582 917
583 907
584 102
585 84
586 662
587 407
588 0
589 663
590 19
591 237
592 314
593 877
594 145
595 639
596 31
597 99
598 781
599 768
600 736
601 737
602 635
603 682
604 608
605 604
606 58
607 803
608 521
609 354
610 979
611 525
612 341
613 93
614 856
615 904
616 137
617 900
618 283
619 420
620 720
621 948
622 941
623 337
624 820
625 771
626 127
627 522
628 329
629 917
630 0
631 757
632 816
633 109
634 971
635 129
636 849
637 780
638 981
639 414
640 107
641 790
642 709
643 516
644 16
645 734
646 187
647 776
648 232
649 83
650 80
651 935
652 948
653 831
654 590
655 225
656 596
657 128
658 270
659 268
660 593
661 564
662 162
663 769
664 925
665 938
666 993
667 850
668 481
669 263
670 719
671 219
672 132
673 753
674 105
675 314
676 911
677 177
678 32
679 43
680 538
681 430
682 315
683 816
684 383
685 668
686 662
687 167
688 492
689 678
690 847
691 72
692 730
693 320
694 141
695 46
696 950
697 127
698 315
699 108
700 434
701 324
702 577
703 46
704 60
705 946
706 418
707 478
708 857
709 861
710 361
711 772
712 462
713 250
714 271
715 649
716 717
717 953
718 10
719 818
720 653
721 529
722 424
723 598
724 520
725 879
726 129
727 600
728 163
729 458
730 780
731 866
732 438
733 597
734 100
735 372
736 188
737 768
738 957
739 578
740 327
741 429
742 237
743 439
744 942
745 474
746 790
747 317
748 156
749 233
750 511
751 836
752 135
753 626
754 145
755 615
756 485
757 951
758 923
759 118
760 469
761 418
762 274
763 755
764 444
765 275
766 397
767 290
768 272
769 979
770 621
771 993
772 989
773 352
774 372
775 178
776 858
777 964
778 411
779 568
780 754
781 561
782 777
783 156
784 180
785 245
786 436
787 280
788 2
789 796
790 871
791 888
792 705
793 11
794 307
795 406
796 997
797 749
798 111
799 356
800 801
801 643
802 33
803 986
804 642
805 302
806 182
807 849
808 8
809 40
810 270
811 280
812 832
813 703
814 825
815 684
816 881
817 98
818 505
819 411
820 452
821 9
822 891
823 94
824 546
825 669
826 28
827 355
828 675
829 552
830 729
831 745
832 177
833 52
834 793
835 970
836 218
837 196
838 886
839 993
840 278
841 521
842 848
843 505
844 421
845 462
846 510
847 76
848 236
849 79
850 952
851 593
852 802
853 267
854 92
855 88
856 593
857 692
858 715
859 223
860 174
861 424
862 92
863 585
864 515
865 121
866 571
867 456
868 756
869 244
870 653
871 626
872 95
873 708
874 557
875 891
876 459
877 144
878 180
879 51
880 756
881 2
882 664
883 110
884 64
885 171
886 273
887 594
888 316
889 255
890 860
891 48
892 530
893 392
894 676
895 717
896 862
897 150
898 38
899 73
900 485
901 38
902 462
903 262
904 124
905 87
906 504
907 232
908 417
909 150
910 180
911 502
912 102
913 218
914 395
915 619
916 925
917 890
918 821
919 5
920 378
921 552
922 333
923 9
924 156
925 443
926 465
927 715
928 858
929 222
930 352
931 27
932 695
933 70
934 488
935 927
936 756
937 422
938 152
939 819
940 212
941 261
942 604
943 754
944 457
945 469
946 304
947 137
948 284
949 269
950 803
951 82
952 953
953 787
954 430
955 530
956 757
957 597
958 900
959 632
960 419
961 584
962 703
963 879
964 598
965 321
966 503
967 231
968 329
969 729
970 184
971 195
972 733
973 838
974 168
975 41
976 201
977 208
978 858
979 951
980 414
981 692
982 489
983 675
984 19
985 983
986 474
987 488
988 954
989 553
990 131
991 837
992 916
993 115
994 877
995 103
996 773
997 821
998 309
999 457
