5000 5000
0 1263
1 1055
2 217
3 4413
4 4488
5 3714
6 4762
7 4841
8 3141
9 1060
10 3470
11 4245
12 4397
13 4764
14 4411
15 2771
16 3809
17 3279
18 1477
19 1107
20 2129
21 2674
22 3240
23 3722
24 4197
25 1512
26 2297
27 2781
28 2981
29 4708
30 1664
31 3443
32 3420
33 4660
34 4700
35 834
36 880
37 3891
38 3319
39 3205
40 2930
41 2969
42 2400
43 1048
44 178
45 763
46 4886
47 2815
48 1279
49 2620
50 4134
51 3753
52 2621
53 2908
54 464
55 1374
56 2787
57 2524
58 1808
59 2138
60 1073
61 1649
62 4183
63 4587
64 1147
65 117
66 2460
67 2542
68 615
69 1085
70 3451
71 2964
72 626
73 3605
74 3779
75 282
76 3034
77 3955
78 2753
79 2113
80 1359
81 1340
82 2859
83 1917
84 4696
85 3720
86 2232
87 4795
88 2642
89 3812
90 4602
91 1763
92 3240
93 4921
94 4803
95 4973
96 1057
97 3347
98 429
99 3417
100 3596
101 4245
102 4903
103 420
104 3325
105 3218
106 4015
107 1559
108 1491
109 2135
110 857
111 4580
112 1494
113 4395
114 2250
115 525
116 3901
117 2163
118 920
119 2535
120 2145
121 2796
122 2155
123 105
124 596
125 4932
126 2166
127 1429
128 2355
129 3819
130 2359
131 4095
132 997
133 3645
134 402
135 473
136 4440
137 280
138 3225
139 2120
140 1634
141 2397
142 3422
143 2756
144 4540
145 4190
146 3392
147 3024
148 2186
149 4447
150 3499
151 448
152 14
153 2596
154 715
155 124
156 1386
157 3226
158 579
159 4476
160 1765
161 3775
162 3894
163 4809
164 3393
165 4534
166 3135
167 2487
168 1410
169 1941
170 2714
171 1336
172 2937
173 2278
174 1675
175 4661
176 541
177 842
178 874
179 1019
180 3566
181 2995
182 2180
183 3294
184 2007
185 442
186 155
187 4496
188 1478
189 478
190 4285
191 4716
192 75
193 413
194 1168
195 1618
196 4147
197 3566
198 1919
199 953
200 35
201 2042
202 1279
203 2991
204 3017
205 3520
206 4139
207 3416
208 1999
209 2936
210 4007
211 2000
212 945
213 1630
214 3446
215 2951
216 3443
217 1884
218 3071
219 2736
220 745
221 2852
222 3310
223 4699
224 1127
225 2575
226 2645
227 405
228 3704
229 3079
230 3480
231 3669
232 1346
233 4054
234 2514
235 3579
236 2424
237 3625
238 4225
239 2246
240 2691
241 2520
242 1842
243 4957
244 4977
245 3795
246 105
247 1996
248 4743
249 3521
250 705
251 2433
252 2997
253 4724
254 3482
255 2649
256 1179
257 1914
258 2063
259 3830
260 1371
261 2300
262 2552
263 1872
264 2704
265 2514
266 3870
267 1314
268 1091
269 2091
270 4207
271 3391
272 4257
273 3129
274 4312
275 4179
276 2950
277 208
278 2970
279 1476
280 2398
281 4923
282 331
283 3618
284 1471
285 420
286 2896
287 3898
288 2902
289 1704
290 3579
291 730
292 1383
293 4654
294 799
295 2045
296 1884
297 1847
298 3702
299 414
300 3656
301 1315
302 4555
303 4687
304 3596
305 713
306 2104
307 2291
308 2651
309 3450
310 2467
311 3784
312 3530
313 4850
314 3013
315 1311
316 1103
317 93
318 4156
319 2077
320 3493
321 3421
322 4454
323 4261
324 982
325 2710
326 590
327 820
328 2068
329 61
330 2469
331 1130
332 4717
333 647
334 1895
335 3101
336 1224
337 3764
338 1855
339 3347
340 4598
341 441
342 682
343 3321
344 3030
345 1823
346 1158
347 936
348 3335
349 2519
350 3284
351 1506
352 1857
353 1457
354 3427
355 4447
356 779
357 2496
358 1914
359 2073
360 348
361 4705
362 482
363 78
364 1579
365 1949
366 2373
367 2297
368 1321
369 941
370 2933
371 3946
372 430
373 4703
374 1349
375 4123
376 3023
377 264
378 4915
379 2817
380 4398
381 4233
382 2191
383 1774
384 3152
385 3219
386 3996
387 3045
388 4417
389 2992
390 3149
391 1546
392 4121
393 256
394 570
395 4650
396 254
397 3895
398 2783
399 787
400 1100
401 2645
402 765
403 1162
404 77
405 3312
406 978
407 848
408 2327
409 3049
410 105
411 2095
412 1969
413 1975
414 62
415 2832
416 2747
417 619
418 3451
419 3610
420 851
421 3428
422 1665
423 4454
424 1346
425 4514
426 2633
427 857
428 618
429 2311
430 855
431 649
432 1648
433 2576
434 2259
435 2683
436 4765
437 1993
438 808
439 2618
440 526
441 1895
442 2960
443 3468
444 4933
445 3535
446 3474
447 3200
448 1280
449 129
450 3378
451 4762
452 1705
453 95
454 4331
455 2765
456 364
457 2837
458 3974
459 209
460 791
461 1047
462 329
463 1567
464 3585
465 1006
466 471
467 3938
468 2826
469 4164
470 866
471 3929
472 3630
473 3985
474 641
475 2497
476 3815
477 537
478 649
479 309
480 4293
481 3351
482 2378
483 4802
484 1091
485 1544
486 4529
487 3710
488 2556
489 2548
490 412
491 2319
492 1078
493 3967
494 2743
495 1875
496 69
497 4506
498 1557
499 4001
500 469
501 2176
502 1082
503 940
504 993
505 4172
506 3140
507 2128
508 2277
509 695
510 4423
511 3801
512 669
513 3553
514 1194
515 1630
516 180
517 4268
518 3028
519 3263
520 2661
521 3359
522 4823
523 209
524 887
525 238
526 3456
527 1169
528 1613
529 1989
530 216
531 3872
532 3165
533 593
534 2663
535 4850
536 3485
537 2946
538 3231
539 1640
540 459
541 1387
542 212
543 4027
544 1181
545 1323
546 1035
547 1375
548 4399
549 2345
550 3789
551 577
552 3073
553 3227
554 1372
555 1004
556 3345
557 2406
558 3652
559 2034
560 2246
561 2700
562 765
563 1686
564 4537
565 1489
566 1762
567 1020
568 1463
569 808
570 3971
571 4576
572 3750
573 2790
574 2603
575 1266
576 2121
577 1620
578 2917
579 51
580 1289
581 141
582 1772
583 2994
584 4141
585 4663
586 1224
587 4658
588 661
589 4192
590 591
591 354
592 615
593 3690
594 4676
595 2576
596 1221
597 1787
598 2603
599 4265
600 2612
601 4387
602 1564
603 2081
604 244
605 3849
606 2430
607 4561
608 4383
609 1764
610 4385
611 926
612 2685
613 4846
614 3782
615 4180
616 4803
617 3726
618 664
619 265
620 2826
621 4197
622 2968
623 3266
624 4260
625 590
626 2000
627 2010
628 2082
629 3273
630 3394
631 318
632 2431
633 618
634 2201
635 4700
636 2917
637 4076
638 2443
639 3270
640 143
641 2832
642 3004
643 1660
644 1787
645 2929
646 1257
647 900
648 4151
649 391
650 1142
651 35
652 1422
653 176
654 1062
655 4649
656 938
657 4058
658 2706
659 1075
660 2159
661 4742
662 3049
663 700
664 1104
665 2612
666 98
667 3598
668 1547
669 861
670 4038
671 2923
672 2279
673 883
674 3139
675 1999
676 1565
677 332
678 282
679 1501
680 2906
681 4888
682 3280
683 4900
684 3023
685 357
686 806
687 386
688 4065
689 4562
690 4880
691 3511
692 437
693 4569
694 3783
695 2143
696 2189
697 4565
698 3452
699 2841
700 2462
701 3316
702 3834
703 808
704 3806
705 2398
706 152
707 3278
708 3530
709 2846
710 3346
711 670
712 3718
713 3694
714 2980
715 2709
716 4929
717 4759
718 2114
719 3187
720 218
721 2350
722 2748
723 778
724 2669
725 701
726 2291
727 407
728 549
729 2827
730 3186
731 2102
732 1815
733 2211
734 3865
735 4553
736 3318
737 612
738 1228
739 966
740 2502
741 525
742 4346
743 1492
744 1143
745 1681
746 4968
747 4259
748 4808
749 3268
750 1630
751 936
752 302
753 1863
754 4811
755 1625
756 4655
757 260
758 1828
759 4327
760 1440
761 3364
762 461
763 170
764 338
765 2569
766 2108
767 1242
768 1999
769 744
770 2197
771 3102
772 2740
773 3127
774 846
775 1894
776 959
777 3469
778 1659
779 418
780 1835
781 2056
782 4212
783 4558
784 462
785 1212
786 4090
787 1794
788 4004
789 2836
790 3277
791 2670
792 284
793 1296
794 1972
795 3223
796 1871
797 2460
798 449
799 4319
800 2407
801 1707
802 2912
803 4880
804 1013
805 846
806 4815
807 218
808 4311
809 4362
810 3618
811 3917
812 4599
813 4129
814 4462
815 1526
816 1580
817 323
818 2545
819 820
820 235
821 1203
822 992
823 2429
824 3103
825 629
826 469
827 1612
828 2558
829 3119
830 786
831 4283
832 2133
833 3994
834 4612
835 4418
836 217
837 441
838 3114
839 829
840 1415
841 2354
842 2730
843 1904
844 3536
845 2007
846 825
847 2919
848 4692
849 3090
850 3819
851 1307
852 3685
853 3903
854 711
855 3581
856 222
857 4810
858 2684
859 1980
860 4786
861 3360
862 3236
863 2436
864 3890
865 3420
866 2216
867 2441
868 4936
869 2069
870 1111
871 4070
872 3591
873 4004
874 2858
875 4465
876 2822
877 802
878 1902
879 3075
880 231
881 950
882 3352
883 675
884 1618
885 2354
886 1095
887 538
888 1496
889 1010
890 1887
891 4805
892 2208
893 3375
894 1180
895 13
896 3329
897 1537
898 1404
899 4579
900 1898
901 3853
902 2825
903 4796
904 4524
905 2100
906 4372
907 3702
908 3427
909 3335
910 4709
911 4996
912 3767
913 806
914 2401
915 4423
916 722
917 4927
918 3278
919 414
920 721
921 917
922 1112
923 316
924 2465
925 2321
926 2898
927 181
928 4140
929 3776
930 1695
931 2320
932 2721
933 4600
934 909
935 3852
936 1854
937 362
938 558
939 51
940 1011
941 1886
942 1518
943 4571
944 1297
945 3488
946 881
947 2431
948 877
949 3492
950 548
951 2252
952 4531
953 352
954 2896
955 293
956 480
957 4148
958 2702
959 2898
960 2523
961 90
962 3213
963 3176
964 4381
965 1835
966 4133
967 4970
968 1613
969 356
970 4112
971 4212
972 540
973 1319
974 1609
975 673
976 996
977 2935
978 3645
979 286
980 3388
981 540
982 2837
983 3175
984 2210
985 4810
986 303
987 132
988 1504
989 591
990 3799
991 3122
992 2214
993 2171
994 5
995 1687
996 1749
997 2899
998 1010
999 317
1000 25
1001 1063
1002 3109
1003 2282
1004 152
1005 991
1006 2612
1007 3454
1008 767
1009 4009
1010 1456
1011 718
1012 4749
1013 1314
1014 785
1015 2575
1016 3092
1017 1390
1018 2258
1019 4192
1020 2226
1021 4655
1022 109
1023 2792
1024 554
1025 2312
1026 3155
1027 4103
1028 2099
1029 587
1030 2507
1031 5
1032 4989
1033 3937
1034 553
1035 898
1036 2809
1037 4358
1038 2059
1039 1817
1040 4721
1041 3983
1042 3002
1043 3839
1044 1860
1045 1144
1046 2591
1047 4817
1048 1203
1049 4275
1050 3018
1051 2868
1052 144
1053 1741
1054 4806
1055 4990
1056 4375
1057 3081
1058 4550
1059 1373
1060 144
1061 4982
1062 2716
1063 3422
1064 1949
1065 3018
1066 4889
1067 4881
1068 1081
1069 2756
1070 2238
1071 439
1072 3795
1073 4064
1074 4159
1075 1976
1076 2558
1077 3607
1078 3297
1079 4574
1080 3160
1081 1720
1082 2189
1083 4030
1084 3319
1085 2965
1086 4469
1087 829
1088 1163
1089 3863
1090 2755
1091 4904
1092 2711
1093 4191
1094 2920
1095 2107
1096 1643
1097 511
1098 3572
1099 3559
1100 1622
1101 386
1102 2091
1103 1857
1104 964
1105 22
1106 1816
1107 3176
1108 3243
1109 579
1110 3285
1111 1673
1112 810
1113 4130
1114 1391
1115 1766
1116 2487
1117 2748
1118 119
1119 515
1120 4773
1121 1790
1122 4321
1123 268
1124 2530
1125 1262
1126 2646
1127 3571
1128 4078
1129 210
1130 3575
1131 4472
1132 1115
1133 3330
1134 3339
1135 4823
1136 4176
1137 4322
1138 4576
1139 4956
1140 4822
1141 4685
1142 2873
1143 2462
1144 1322
1145 4886
1146 3176
1147 3043
1148 3871
1149 4876
1150 1638
1151 666
1152 3965
1153 1474
1154 91
1155 4053
1156 3280
1157 4893
1158 1407
1159 3726
1160 343
1161 4585
1162 3799
1163 4572
1164 1314
1165 2528
1166 3251
1167 3033
1168 888
1169 2326
1170 2633
1171 2439
1172 4196
1173 1148
1174 2419
1175 4090
1176 1186
1177 715
1178 4185
1179 1662
1180 2340
1181 3441
1182 1022
1183 4516
1184 4505
1185 4199
1186 2080
1187 3136
1188 3980
1189 4325
1190 3863
1191 2338
1192 1193
1193 288
1194 3921
1195 1045
1196 826
1197 2955
1198 1598
1199 2625
1200 620
1201 1245
1202 2207
1203 1146
1204 1037
1205 3853
1206 4654
1207 2374
1208 3487
1209 1845
1210 2740
1211 4219
1212 3923
1213 570
1214 1935
1215 3333
1216 1979
1217 3419
1218 2336
1219 2720
1220 2064
1221 3942
1222 3219
1223 569
1224 3070
1225 4919
1226 4803
1227 452
1228 2
1229 1626
1230 1477
1231 2280
1232 1737
1233 4113
1234 4580
1235 132
1236 4934
1237 3041
1238 3559
1239 4996
1240 3658
1241 2721
1242 2400
1243 1049
1244 1339
1245 3190
1246 1960
1247 1074
1248 2508
1249 1989
1250 1306
1251 1538
1252 1384
1253 4004
1254 4997
1255 67
1256 3148
1257 2357
1258 4730
1259 434
1260 3457
1261 4556
1262 1277
1263 1016
1264 4873
1265 4376
1266 1968
1267 2778
1268 4264
1269 2231
1270 1870
1271 4570
1272 512
1273 3256
1274 2868
1275 2568
1276 3408
1277 4137
1278 217
1279 404
1280 2623
1281 4601
1282 750
1283 4785
1284 3137
1285 1983
1286 4406
1287 2336
1288 1042
1289 2273
1290 1833
1291 3453
1292 830
1293 2943
1294 4056
1295 4596
1296 699
1297 4795
1298 3030
1299 4333
1300 2714
1301 1304
1302 3634
1303 2118
1304 3018
1305 1347
1306 278
1307 1427
1308 4648
1309 4892
1310 2098
1311 4334
1312 302
1313 254
1314 2738
1315 402
1316 1301
1317 180
1318 4017
1319 3930
1320 4720
1321 3283
1322 536
1323 1453
1324 595
1325 2058
1326 1400
1327 2540
1328 3342
1329 4139
1330 4313
1331 3285
1332 474
1333 660
1334 3846
1335 2074
1336 4488
1337 4371
1338 142
1339 2071
1340 2459
1341 2774
1342 1125
1343 4140
1344 692
1345 1152
1346 4949
1347 3229
1348 3771
1349 4562
1350 2599
1351 799
1352 539
1353 4727
1354 879
1355 998
1356 297
1357 678
1358 3687
1359 1206
1360 68
1361 3137
1362 4552
1363 618
1364 1022
1365 3004
1366 44
1367 4473
1368 4080
1369 4355
1370 2638
1371 71
1372 32
1373 459
1374 1574
1375 4056
1376 4704
1377 3962
1378 1980
1379 4285
1380 700
1381 4274
1382 1326
1383 1079
1384 1943
1385 4641
1386 4647
1387 4295
1388 3370
1389 1396
1390 1111
1391 4782
1392 161
1393 41
1394 4000
1395 2569
1396 4229
1397 1936
1398 2207
1399 2047
1400 4872
1401 3906
1402 329
1403 3472
1404 1777
1405 1448
1406 2095
1407 612
1408 3133
1409 4767
1410 2558
1411 2669
1412 2241
1413 2201
1414 1497
1415 345
1416 570
1417 1203
1418 3970
1419 1011
1420 2682
1421 3632
1422 370
1423 2827
1424 1459
1425 2922
1426 3824
1427 517
1428 4389
1429 4727
1430 2340
1431 3404
1432 3360
1433 544
1434 2498
1435 422
1436 897
1437 3258
1438 4191
1439 1155
1440 3305
1441 3961
1442 3793
1443 4588
1444 3239
1445 1553
1446 2759
1447 654
1448 415
1449 848
1450 4251
1451 427
1452 3783
1453 3892
1454 2471
1455 4163
1456 3956
1457 4064
1458 2119
1459 720
1460 2358
1461 4750
1462 2290
1463 1387
1464 4786
1465 294
1466 1679
1467 3190
1468 1336
1469 2048
1470 551
1471 4058
1472 3782
1473 954
1474 1279
1475 1593
1476 1222
1477 1776
1478 4523
1479 4603
1480 931
1481 3661
1482 472
1483 1559
1484 3297
1485 2477
1486 1697
1487 663
1488 653
1489 2840
1490 4655
1491 4319
1492 1748
1493 575
1494 2861
1495 3407
1496 1156
1497 1837
1498 4226
1499 2013
1500 4954
1501 4876
1502 1688
1503 3564
1504 539
1505 1116
1506 4987
1507 4672
1508 3886
1509 2817
1510 2819
1511 3269
1512 250
1513 4822
1514 3036
1515 440
1516 3860
1517 189
1518 3245
1519 3510
1520 1064
1521 1907
1522 4529
1523 904
1524 1862
1525 2328
1526 4300
1527 1683
1528 4168
1529 4480
1530 1756
1531 3566
1532 1378
1533 2009
1534 3338
1535 186
1536 2957
1537 3828
1538 3166
1539 2243
1540 1148
1541 2284
1542 409
1543 1199
1544 4628
1545 315
1546 4952
1547 4922
1548 2745
1549 2733
1550 1276
1551 4964
1552 3860
1553 3891
1554 1254
1555 1776
1556 3392
1557 2473
1558 1818
1559 3659
1560 4454
1561 4812
1562 1660
1563 1366
1564 141
1565 3376
1566 1899
1567 4577
1568 470
1569 677
1570 2128
1571 3572
1572 4482
1573 2432
1574 3391
1575 3272
1576 3671
1577 2803
1578 1250
1579 4976
1580 1986
1581 4508
1582 1301
1583 4053
1584 1898
1585 2333
1586 4106
1587 3441
1588 4173
1589 2104
1590 2839
1591 1909
1592 2446
1593 4290
1594 415
1595 627
1596 4343
1597 4040
1598 4790
1599 3716
1600 4622
1601 1822
1602 1043
1603 2300
1604 2575
1605 2061
1606 4708
1607 1921
1608 1305
1609 1743
1610 3908
1611 393
1612 2624
1613 3493
1614 1266
1615 493
1616 1868
1617 2581
1618 2862
1619 766
1620 3737
1621 3602
1622 685
1623 1484
1624 4887
1625 3467
1626 3619
1627 3723
1628 2464
1629 2008
1630 1008
1631 3350
1632 3295
1633 73
1634 4034
1635 3695
1636 2867
1637 264
1638 1128
1639 1159
1640 553
1641 3867
1642 2376
1643 1243
1644 4458
1645 4532
1646 268
1647 2711
1648 2954
1649 3144
1650 4925
1651 4243
1652 3625
1653 1970
1654 1338
1655 4934
1656 2732
1657 347
1658 2251
1659 2681
1660 3823
1661 3346
1662 3195
1663 1199
1664 1586
1665 4170
1666 1121
1667 4711
1668 4884
1669 621
1670 449
1671 954
1672 1353
1673 2693
1674 2065
1675 3599
1676 2083
1677 2756
1678 4842
1679 1873
1680 888
1681 3265
1682 2129
1683 3637
1684 1926
1685 3865
1686 1758
1687 1133
1688 288
1689 1821
1690 4623
1691 1767
1692 2900
1693 1259
1694 150
1695 4300
1696 4833
1697 3157
1698 2630
1699 3852
1700 928
1701 2947
1702 952
1703 1922
1704 1936
1705 3200
1706 1804
1707 867
1708 1127
1709 1897
1710 3384
1711 2588
1712 2162
1713 1747
1714 4406
1715 2960
1716 3084
1717 672
1718 3054
1719 3919
1720 3816
1721 4652
1722 1315
1723 2211
1724 1453
1725 3569
1726 2806
1727 1126
1728 3753
1729 4915
1730 1072
1731 245
1732 943
1733 3758
1734 3059
1735 3750
1736 2093
1737 3290
1738 4026
1739 1852
1740 2291
1741 423
1742 821
1743 1919
1744 2518
1745 479
1746 4577
1747 4448
1748 2304
1749 3982
1750 869
1751 4049
1752 995
1753 277
1754 1544
1755 2152
1756 3721
1757 3982
1758 1779
1759 2424
1760 1766
1761 1170
1762 2751
1763 616
1764 3670
1765 4939
1766 3964
1767 4619
1768 265
1769 1116
1770 269
1771 3315
1772 3440
1773 2090
1774 1621
1775 1635
1776 2694
1777 208
1778 1400
1779 1315
1780 3291
1781 1709
1782 2464
1783 1956
1784 264
1785 2361
1786 2853
1787 242
1788 1772
1789 4183
1790 379
1791 4220
1792 535
1793 3809
1794 2290
1795 1872
1796 208
1797 487
1798 4574
1799 3771
1800 88
1801 2778
1802 1064
1803 2371
1804 2960
1805 2723
1806 2772
1807 4495
1808 90
1809 2664
1810 4870
1811 82
1812 932
1813 4140
1814 3910
1815 2125
1816 247
1817 1067
1818 2419
1819 337
1820 4311
1821 952
1822 1097
1823 4013
1824 3011
1825 3142
1826 1624
1827 4890
1828 1256
1829 694
1830 4212
1831 1972
1832 1561
1833 2808
1834 2517
1835 1371
1836 718
1837 3869
1838 3031
1839 4068
1840 578
1841 429
1842 3900
1843 4690
1844 4204
1845 1955
1846 2199
1847 3730
1848 3057
1849 2574
1850 853
1851 655
1852 397
1853 895
1854 3104
1855 2098
1856 4470
1857 1892
1858 1564
1859 2276
1860 4414
1861 1488
1862 645
1863 4582
1864 2073
1865 599
1866 1287
1867 3933
1868 2234
1869 4116
1870 891
1871 2143
1872 2179
1873 3318
1874 4127
1875 143
1876 3794
1877 1694
1878 2210
1879 3513
1880 2425
1881 1432
1882 2499
1883 3574
1884 4402
1885 706
1886 1974
1887 1935
1888 4724
1889 2463
1890 1588
1891 4716
1892 2220
1893 4991
1894 4156
1895 846
1896 4764
1897 3209
1898 0
1899 3346
1900 4517
1901 1254
1902 2115
1903 3809
1904 2283
1905 2648
1906 2480
1907 1742
1908 1744
1909 4895
1910 2743
1911 4395
1912 1899
1913 83
1914 1142
1915 4189
1916 19
1917 3461
1918 3737
1919 3939
1920 1091
1921 811
1922 3048
1923 809
1924 1437
1925 420
1926 2789
1927 2466
1928 2840
1929 1355
1930 1253
1931 1180
1932 2515
1933 3216
1934 1024
1935 1409
1936 262
1937 273
1938 4298
1939 4067
1940 1680
1941 2095
1942 288
1943 3845
1944 4280
1945 1685
1946 4009
1947 1055
1948 3562
1949 1115
1950 4650
1951 320
1952 4840
1953 144
1954 3365
1955 189
1956 2611
1957 2745
1958 2765
1959 2990
1960 4383
1961 1584
1962 939
1963 2185
1964 3818
1965 130
1966 4509
1967 4755
1968 3124
1969 1453
1970 934
1971 2246
1972 1302
1973 4121
1974 775
1975 2049
1976 3695
1977 174
1978 341
1979 3656
1980 774
1981 830
1982 1077
1983 4921
1984 4749
1985 4400
1986 270
1987 4030
1988 3877
1989 987
1990 850
1991 48
1992 281
1993 1250
1994 85
1995 662
1996 1446
1997 2198
1998 970
1999 788
2000 3983
2001 2132
2002 4916
2003 4377
2004 1345
2005 4845
2006 1568
2007 1351
2008 1680
2009 4389
2010 2097
2011 1356
2012 268
2013 4128
2014 4302
2015 1695
2016 349
2017 4700
2018 4736
2019 39
2020 3805
2021 688
2022 224
2023 4315
2024 110
2025 4983
2026 1019
2027 1926
2028 432
2029 4904
2030 4828
2031 4139
2032 1102
2033 3662
2034 3022
2035 4463
2036 2177
2037 2781
2038 2993
2039 1368
2040 1988
2041 4682
2042 1418
2043 485
2044 225
2045 2346
2046 4406
2047 4365
2048 1674
2049 1419
2050 3960
2051 1577
2052 4461
2053 2311
2054 1228
2055 1183
2056 3336
2057 816
2058 2745
2059 582
2060 4732
2061 1399
2062 3981
2063 4246
2064 2753
2065 2994
2066 2220
2067 4480
2068 2287
2069 4944
2070 1040
2071 129
2072 2817
2073 3446
2074 1928
2075 777
2076 3047
2077 2327
2078 1481
2079 292
2080 3722
2081 2854
2082 2783
2083 245
2084 925
2085 3827
2086 1524
2087 3489
2088 4523
2089 2298
2090 2473
2091 3098
2092 4345
2093 4067
2094 4859
2095 4352
2096 804
2097 2722
2098 1740
2099 2624
2100 1933
2101 1397
2102 1039
2103 1128
2104 1653
2105 135
2106 400
2107 3765
2108 2130
2109 3855
2110 3070
2111 3312
2112 3782
2113 1573
2114 3328
2115 3972
2116 4535
2117 4661
2118 1120
2119 2870
2120 1345
2121 645
2122 3662
2123 846
2124 3751
2125 2249
2126 1488
2127 2527
2128 906
2129 3119
2130 4071
2131 625
2132 4879
2133 2181
2134 2947
2135 4492
2136 765
2137 1967
2138 3153
2139 1586
2140 4461
2141 378
2142 3825
2143 2010
2144 1602
2145 4606
2146 3325
2147 4790
2148 959
2149 3672
2150 4179
2151 582
2152 3547
2153 877
2154 2651
2155 3842
2156 2456
2157 4453
2158 4790
2159 3115
2160 443
2161 292
2162 4279
2163 3582
2164 1940
2165 4714
2166 1857
2167 524
2168 3219
2169 2635
2170 1489
2171 2024
2172 3463
2173 898
2174 2245
2175 4506
2176 3433
2177 4523
2178 4908
2179 3518
2180 490
2181 1664
2182 3868
2183 1955
2184 2233
2185 540
2186 3964
2187 1567
2188 1342
2189 3288
2190 1748
2191 2843
2192 4481
2193 1162
2194 90
2195 3397
2196 860
2197 3538
2198 3347
2199 1016
2200 3492
2201 674
2202 1982
2203 2085
2204 1866
2205 2218
2206 2866
2207 4676
2208 165
2209 2003
2210 2746
2211 4795
2212 1811
2213 2028
2214 4236
2215 1146
2216 190
2217 4034
2218 3705
2219 4447
2220 659
2221 1946
2222 2149
2223 536
2224 673
2225 4651
2226 2008
2227 2990
2228 3624
2229 783
2230 3483
2231 1691
2232 451
2233 299
2234 1457
2235 53
2236 1343
2237 2130
2238 4792
2239 3796
2240 397
2241 3923
2242 138
2243 1160
2244 4726
2245 4972
2246 4049
2247 2625
2248 3093
2249 4296
2250 2812
2251 953
2252 3616
2253 3459
2254 354
2255 2251
2256 2470
2257 4561
2258 1643
2259 848
2260 3431
2261 4336
2262 3708
2263 1405
2264 2638
2265 79
2266 2992
2267 4954
2268 300
2269 2211
2270 1670
2271 1607
2272 4646
2273 877
2274 776
2275 2412
2276 1474
2277 214
2278 3834
2279 1269
2280 1614
2281 3835
2282 2658
2283 4089
2284 3013
2285 1479
2286 1889
2287 117
2288 1341
2289 4158
2290 1219
2291 890
2292 2535
2293 870
2294 276
2295 1240
2296 4997
2297 2389
2298 3549
2299 4205
2300 3153
2301 2231
2302 3245
2303 2483
2304 1464
2305 4792
2306 4793
2307 2854
2308 4890
2309 2046
2310 1508
2311 3709
2312 4064
2313 4153
2314 4114
2315 3305
2316 4923
2317 2002
2318 2862
2319 1005
2320 991
2321 4975
2322 2618
2323 4097
2324 3928
2325 1516
2326 1678
2327 928
2328 4742
2329 4237
2330 3860
2331 1912
2332 1448
2333 3856
2334 1268
2335 1287
2336 4597
2337 2999
2338 1272
2339 745
2340 4947
2341 1957
2342 397
2343 4259
2344 3639
2345 638
2346 1913
2347 4279
2348 4020
2349 391
2350 1704
2351 829
2352 4489
2353 2876
2354 2136
2355 3171
2356 3007
2357 3347
2358 955
2359 1465
2360 2839
2361 234
2362 1844
2363 4375
2364 3566
2365 3458
2366 2046
2367 4247
2368 4448
2369 1367
2370 1494
2371 4779
2372 268
2373 3867
2374 2899
2375 701
2376 3808
2377 2903
2378 1526
2379 3612
2380 4952
2381 673
2382 1643
2383 4719
2384 966
2385 1475
2386 1947
2387 2510
2388 4038
2389 2136
2390 335
2391 3604
2392 277
2393 3456
2394 722
2395 379
2396 2205
2397 2107
2398 4548
2399 2460
2400 4971
2401 4715
2402 4254
2403 3607
2404 2327
2405 4116
2406 1003
2407 4635
2408 2207
2409 1522
2410 2612
2411 1150
2412 4704
2413 1868
2414 7
2415 3911
2416 3696
2417 419
2418 1349
2419 533
2420 4689
2421 4856
2422 3622
2423 4572
2424 1189
2425 1006
2426 495
2427 4071
2428 1915
2429 4232
2430 3796
2431 4553
2432 3894
2433 951
2434 4506
2435 3254
2436 840
2437 2291
2438 4889
2439 93
2440 3682
2441 4127
2442 4765
2443 4981
2444 3825
2445 1642
2446 4672
2447 2971
2448 1996
2449 3316
2450 475
2451 3096
2452 493
2453 3602
2454 4375
2455 3038
2456 1097
2457 4058
2458 4243
2459 253
2460 2150
2461 641
2462 3011
2463 741
2464 1098
2465 4207
2466 1110
2467 3730
2468 2472
2469 3119
2470 646
2471 4591
2472 382
2473 1528
2474 3808
2475 1042
2476 3501
2477 4953
2478 1114
2479 4886
2480 1080
2481 3064
2482 1030
2483 3656
2484 3719
2485 2043
2486 820
2487 1030
2488 1710
2489 4297
2490 2416
2491 2585
2492 4261
2493 192
2494 2956
2495 2607
2496 3696
2497 3869
2498 2223
2499 4125
2500 3823
2501 4534
2502 3253
2503 1667
2504 2307
2505 2474
2506 2258
2507 4120
2508 4908
2509 690
2510 1685
2511 2262
2512 1896
2513 201
2514 3879
2515 1163
2516 3779
2517 2610
2518 712
2519 810
2520 3149
2521 1078
2522 1627
2523 4146
2524 4127
2525 2073
2526 551
2527 138
2528 2905
2529 3949
2530 4704
2531 3997
2532 2346
2533 1710
2534 1339
2535 2257
2536 2614
2537 162
2538 418
2539 8
2540 3641
2541 2295
2542 1981
2543 3556
2544 1288
2545 1856
2546 2004
2547 1956
2548 3470
2549 2642
2550 792
2551 1938
2552 3216
2553 4355
2554 3372
2555 788
2556 2458
2557 3551
2558 1081
2559 4303
2560 114
2561 3158
2562 2060
2563 3864
2564 3379
2565 4601
2566 2630
2567 3662
2568 3993
2569 1080
2570 384
2571 4826
2572 3083
2573 3960
2574 3666
2575 2008
2576 3019
2577 1226
2578 1843
2579 3081
2580 4414
2581 119
2582 1519
2583 3481
2584 3572
2585 2256
2586 3481
2587 3681
2588 4624
2589 4124
2590 2439
2591 3703
2592 3360
2593 3070
2594 3341
2595 4127
2596 1628
2597 3929
2598 1866
2599 3549
2600 3349
2601 3285
2602 1755
2603 1087
2604 2724
2605 3966
2606 16
2607 2338
2608 13
2609 946
2610 382
2611 1533
2612 965
2613 4156
2614 1408
2615 1279
2616 3903
2617 1693
2618 4898
2619 4619
2620 248
2621 2821
2622 416
2623 729
2624 1428
2625 3229
2626 4086
2627 2431
2628 4124
2629 3816
2630 4222
2631 67
2632 1425
2633 1805
2634 3737
2635 4247
2636 1527
2637 3463
2638 2751
2639 2993
2640 1862
2641 1016
2642 2826
2643 3674
2644 4717
2645 2568
2646 3634
2647 3841
2648 1835
2649 2278
2650 2363
2651 3279
2652 4752
2653 683
2654 1123
2655 4299
2656 3069
2657 2727
2658 27
2659 4684
2660 4329
2661 3974
2662 3764
2663 4390
2664 4344
2665 2098
2666 2146
2667 142
2668 968
2669 4420
2670 2847
2671 2488
2672 4889
2673 1400
2674 2437
2675 2098
2676 374
2677 4016
2678 1549
2679 787
2680 2297
2681 978
2682 2188
2683 4623
2684 21
2685 2058
2686 1220
2687 702
2688 288
2689 1734
2690 3091
2691 2745
2692 2176
2693 3062
2694 3225
2695 1772
2696 1616
2697 1842
2698 3304
2699 1220
2700 807
2701 4711
2702 4986
2703 4807
2704 3025
2705 4736
2706 1107
2707 4481
2708 317
2709 2247
2710 792
2711 1559
2712 543
2713 723
2714 3635
2715 2208
2716 1608
2717 1508
2718 2674
2719 2622
2720 2499
2721 2258
2722 647
2723 2867
2724 1390
2725 3357
2726 331
2727 1357
2728 3296
2729 2185
2730 1425
2731 3870
2732 769
2733 4864
2734 4101
2735 1520
2736 4817
2737 1483
2738 2511
2739 4381
2740 4964
2741 2456
2742 3741
2743 4571
2744 3567
2745 4678
2746 2758
2747 1073
2748 824
2749 1188
2750 435
2751 1692
2752 2150
2753 4423
2754 3133
2755 919
2756 1338
2757 2474
2758 4202
2759 276
2760 663
2761 3488
2762 4863
2763 4000
2764 537
2765 1643
2766 3139
2767 586
2768 3748
2769 2289
2770 693
2771 2518
2772 1755
2773 2927
2774 502
2775 613
2776 2824
2777 1972
2778 3935
2779 2355
2780 1036
2781 2126
2782 288
2783 1477
2784 2066
2785 2618
2786 2643
2787 2712
2788 1789
2789 521
2790 540
2791 4685
2792 3920
2793 3717
2794 3504
2795 3837
2796 1325
2797 1993
2798 2773
2799 1824
2800 1745
2801 2588
2802 994
2803 2678
2804 4736
2805 2391
2806 193
2807 2448
2808 3883
2809 2931
2810 1776
2811 659
2812 2267
2813 1887
2814 3843
2815 215
2816 3397
2817 2428
2818 3719
2819 927
2820 1621
2821 2186
2822 3125
2823 2895
2824 3538
2825 4470
2826 4805
2827 55
2828 4593
2829 1539
2830 273
2831 459
2832 4358
2833 3568
2834 3736
2835 2134
2836 765
2837 3136
2838 442
2839 1471
2840 3822
2841 971
2842 1862
2843 4342
2844 157
2845 4499
2846 2188
2847 1757
2848 4697
2849 3518
2850 3580
2851 3345
2852 4844
2853 870
2854 782
2855 921
2856 3201
2857 2320
2858 2024
2859 1215
2860 282
2861 1764
2862 4309
2863 4292
2864 4846
2865 2486
2866 4828
2867 981
2868 853
2869 4630
2870 4566
2871 4822
2872 1446
2873 1328
2874 466
2875 2532
2876 4646
2877 2124
2878 3544
2879 3252
2880 717
2881 402
2882 4271
2883 2052
2884 3676
2885 614
2886 928
2887 247
2888 2216
2889 4122
2890 784
2891 1921
2892 492
2893 2915
2894 4011
2895 308
2896 31
2897 2828
2898 51
2899 169
2900 3070
2901 2131
2902 3966
2903 1101
2904 784
2905 4496
2906 4685
2907 3234
2908 1780
2909 1841
2910 2054
2911 1787
2912 799
2913 4286
2914 2811
2915 4541
2916 2601
2917 1486
2918 2169
2919 1223
2920 1675
2921 3573
2922 2847
2923 2446
2924 2457
2925 2090
2926 4835
2927 2616
2928 533
2929 4603
2930 2221
2931 4389
2932 1516
2933 1831
2934 3630
2935 3044
2936 2685
2937 2562
2938 98
2939 785
2940 3348
2941 3051
2942 3005
2943 1689
2944 4572
2945 52
2946 440
2947 3518
2948 3768
2949 3288
2950 4649
2951 3639
2952 33
2953 1094
2954 1980
2955 2144
2956 2058
2957 1087
2958 4817
2959 3105
2960 291
2961 79
2962 1379
2963 945
2964 3888
2965 595
2966 290
2967 3485
2968 1393
2969 929
2970 4396
2971 1541
2972 4162
2973 1501
2974 3855
2975 2817
2976 4729
2977 4856
2978 542
2979 1929
2980 327
2981 1522
2982 1047
2983 4614
2984 1665
2985 4007
2986 360
2987 709
2988 1897
2989 4129
2990 23
2991 1253
2992 1783
2993 3231
2994 3404
2995 858
2996 512
2997 1333
2998 1868
2999 3246
3000 403
3001 3262
3002 948
3003 3453
3004 2130
3005 2089
3006 3186
3007 1322
3008 1108
3009 2719
3010 2342
3011 1210
3012 1289
3013 137
3014 2143
3015 861
3016 3571
3017 2556
3018 4303
3019 3752
3020 880
3021 4892
3022 4721
3023 2905
3024 2621
3025 3754
3026 843
3027 507
3028 852
3029 1325
3030 4468
3031 1631
3032 1279
3033 3838
3034 4502
3035 758
3036 1394
3037 1081
3038 2306
3039 2125
3040 1123
3041 4180
3042 4415
3043 3014
3044 2931
3045 1493
3046 4553
3047 1287
3048 1790
3049 4103
3050 158
3051 3939
3052 1597
3053 4483
3054 1314
3055 4905
3056 4477
3057 2101
3058 4301
3059 3957
3060 4551
3061 1257
3062 4816
3063 2268
3064 3121
3065 4200
3066 4283
3067 4048
3068 1279
3069 1612
3070 3735
3071 4358
3072 1819
3073 4896
3074 467
3075 1647
3076 3841
3077 1796
3078 146
3079 2595
3080 2880
3081 1267
3082 773
3083 4755
3084 1045
3085 676
3086 2550
3087 1351
3088 211
3089 2616
3090 2824
3091 913
3092 1044
3093 4201
3094 1242
3095 4997
3096 1272
3097 8
3098 2421
3099 3619
3100 4280
3101 738
3102 4151
3103 4693
3104 521
3105 3914
3106 587
3107 560
3108 4824
3109 1558
3110 2372
3111 4462
3112 1679
3113 495
3114 3654
3115 1631
3116 864
3117 4321
3118 4555
3119 1140
3120 509
3121 2494
3122 832
3123 3220
3124 2520
3125 3450
3126 446
3127 1809
3128 4150
3129 2167
3130 1405
3131 3821
3132 4606
3133 365
3134 1947
3135 298
3136 3085
3137 1131
3138 2611
3139 2957
3140 892
3141 4683
3142 1677
3143 4684
3144 3975
3145 3837
3146 2524
3147 439
3148 3773
3149 4714
3150 1445
3151 1799
3152 4901
3153 2365
3154 2749
3155 4554
3156 4429
3157 1506
3158 3370
3159 3777
3160 1366
3161 2547
3162 4987
3163 509
3164 4481
3165 2825
3166 254
3167 938
3168 1602
3169 3409
3170 2295
3171 2796
3172 178
3173 2742
3174 4390
3175 3432
3176 4733
3177 2474
3178 4199
3179 4191
3180 1624
3181 4643
3182 4797
3183 290
3184 1457
3185 737
3186 3718
3187 545
3188 679
3189 4556
3190 4894
3191 377
3192 4478
3193 2923
3194 1953
3195 4539
3196 2778
3197 4633
3198 2695
3199 1659
3200 4042
3201 694
3202 1273
3203 3664
3204 4224
3205 1035
3206 1392
3207 3317
3208 2439
3209 2109
3210 3758
3211 3433
3212 4638
3213 3615
3214 3351
3215 751
3216 40
3217 4563
3218 1523
3219 2021
3220 65
3221 701
3222 1256
3223 2512
3224 2317
3225 3294
3226 4453
3227 4613
3228 2212
3229 2967
3230 3597
3231 1525
3232 3287
3233 3993
3234 1661
3235 4148
3236 709
3237 824
3238 4137
3239 2147
3240 4554
3241 3139
3242 4973
3243 2934
3244 3096
3245 761
3246 401
3247 323
3248 74
3249 246
3250 960
3251 2304
3252 3948
3253 3463
3254 2456
3255 2997
3256 3928
3257 4551
3258 1894
3259 1098
3260 4139
3261 2039
3262 2885
3263 971
3264 2213
3265 4518
3266 3835
3267 3582
3268 4733
3269 469
3270 4046
3271 3487
3272 4772
3273 4732
3274 2720
3275 3043
3276 960
3277 1243
3278 489
3279 4414
3280 4292
3281 4404
3282 83
3283 3819
3284 4092
3285 200
3286 2180
3287 2889
3288 573
3289 2159
3290 1668
3291 1539
3292 3381
3293 326
3294 4679
3295 563
3296 3144
3297 2743
3298 4775
3299 148
3300 2750
3301 2211
3302 1806
3303 855
3304 3576
3305 4279
3306 652
3307 3517
3308 845
3309 966
3310 1653
3311 505
3312 1438
3313 3152
3314 1569
3315 3759
3316 3788
3317 4175
3318 245
3319 1597
3320 1047
3321 4806
3322 2227
3323 2604
3324 384
3325 2505
3326 4443
3327 3911
3328 411
3329 3361
3330 4854
3331 2596
3332 4779
3333 3307
3334 4977
3335 1346
3336 292
3337 3012
3338 1349
3339 2922
3340 2467
3341 3846
3342 4713
3343 2214
3344 1482
3345 4235
3346 1565
3347 4917
3348 346
3349 1682
3350 763
3351 4484
3352 2245
3353 2119
3354 358
3355 2412
3356 3266
3357 4352
3358 1235
3359 3052
3360 3582
3361 4569
3362 3235
3363 3388
3364 1634
3365 3193
3366 3903
3367 3414
3368 1126
3369 993
3370 3246
3371 2648
3372 639
3373 3848
3374 4307
3375 1084
3376 1624
3377 3106
3378 1051
3379 4254
3380 4522
3381 4551
3382 4806
3383 1163
3384 2322
3385 2786
3386 889
3387 13
3388 423
3389 3811
3390 1864
3391 2179
3392 893
3393 2590
3394 4324
3395 1700
3396 411
3397 3364
3398 803
3399 890
3400 3757
3401 1003
3402 2427
3403 1155
3404 1285
3405 3938
3406 3849
3407 3498
3408 4659
3409 3739
3410 2775
3411 2346
3412 3426
3413 4023
3414 4823
3415 390
3416 1757
3417 3637
3418 3516
3419 923
3420 1763
3421 242
3422 1307
3423 2684
3424 2750
3425 2510
3426 1670
3427 4141
3428 3340
3429 2352
3430 2731
3431 4098
3432 2994
3433 168
3434 1794
3435 3339
3436 4340
3437 1408
3438 4460
3439 3492
3440 3704
3441 3783
3442 4829
3443 63
3444 4743
3445 3438
3446 1467
3447 2411
3448 2838
3449 1541
3450 2871
3451 1563
3452 993
3453 2904
3454 470
3455 4225
3456 1669
3457 2373
3458 2188
3459 655
3460 3177
3461 2350
3462 353
3463 476
3464 134
3465 3734
3466 1865
3467 1142
3468 858
3469 3430
3470 2508
3471 2698
3472 470
3473 294
3474 277
3475 2808
3476 2509
3477 2143
3478 4274
3479 3641
3480 667
3481 4558
3482 2093
3483 690
3484 4769
3485 1060
3486 3659
3487 19
3488 1963
3489 3884
3490 4666
3491 1493
3492 778
3493 4425
3494 4003
3495 3463
3496 2915
3497 2312
3498 248
3499 4170
3500 3976
3501 2058
3502 4391
3503 3406
3504 2560
3505 2582
3506 2412
3507 311
3508 3378
3509 4620
3510 2526
3511 723
3512 1510
3513 906
3514 2865
3515 2636
3516 4243
3517 154
3518 443
3519 2800
3520 3290
3521 1009
3522 1172
3523 1694
3524 2333
3525 69
3526 2689
3527 4532
3528 3046
3529 2584
3530 472
3531 4504
3532 3295
3533 1713
3534 62
3535 3581
3536 4710
3537 3797
3538 2412
3539 1284
3540 3319
3541 2576
3542 2134
3543 390
3544 2265
3545 1275
3546 1715
3547 4458
3548 1961
3549 1607
3550 172
3551 959
3552 1738
3553 3580
3554 883
3555 2594
3556 191
3557 4033
3558 4440
3559 1199
3560 4245
3561 1652
3562 3829
3563 4438
3564 4799
3565 2632
3566 409
3567 4542
3568 4012
3569 4467
3570 1755
3571 1184
3572 2445
3573 1716
3574 2780
3575 1485
3576 1778
3577 2268
3578 2649
3579 4534
3580 1228
3581 2620
3582 4742
3583 1571
3584 79
3585 3944
3586 2046
3587 1246
3588 3329
3589 3832
3590 4472
3591 1228
3592 1860
3593 2794
3594 1756
3595 1870
3596 2279
3597 1291
3598 1636
3599 31
3600 533
3601 2091
3602 4283
3603 3819
3604 3369
3605 1719
3606 2852
3607 515
3608 3338
3609 2957
3610 200
3611 3724
3612 1689
3613 1723
3614 917
3615 1823
3616 4709
3617 4560
3618 953
3619 2469
3620 3420
3621 3989
3622 3557
3623 1850
3624 3826
3625 2829
3626 4033
3627 3835
3628 493
3629 1521
3630 1013
3631 3093
3632 4484
3633 2138
3634 1064
3635 392
3636 3416
3637 1489
3638 2608
3639 3950
3640 992
3641 502
3642 4452
3643 493
3644 2282
3645 3369
3646 4319
3647 2176
3648 4079
3649 3867
3650 807
3651 4375
3652 884
3653 1122
3654 3185
3655 1480
3656 4667
3657 4284
3658 4853
3659 658
3660 2933
3661 15
3662 1578
3663 194
3664 349
3665 500
3666 3790
3667 512
3668 2932
3669 1092
3670 1998
3671 522
3672 3985
3673 4067
3674 186
3675 2331
3676 2056
3677 3338
3678 2337
3679 1067
3680 1754
3681 4583
3682 1368
3683 1499
3684 110
3685 1121
3686 832
3687 38
3688 4279
3689 1833
3690 4688
3691 4707
3692 3901
3693 903
3694 378
3695 692
3696 603
3697 3388
3698 1941
3699 1246
3700 810
3701 1845
3702 4739
3703 2077
3704 2363
3705 3248
3706 4040
3707 409
3708 1761
3709 2060
3710 3711
3711 4389
3712 2906
3713 2513
3714 3289
3715 4624
3716 934
3717 3357
3718 1048
3719 638
3720 4904
3721 1715
3722 174
3723 2653
3724 2719
3725 2633
3726 4438
3727 3546
3728 1851
3729 4980
3730 1211
3731 1293
3732 456
3733 4101
3734 2906
3735 1037
3736 257
3737 2329
3738 1076
3739 1103
3740 2969
3741 3776
3742 3466
3743 816
3744 2910
3745 4751
3746 2555
3747 1010
3748 4883
3749 1443
3750 3231
3751 2103
3752 2001
3753 3769
3754 674
3755 4233
3756 2161
3757 4842
3758 3598
3759 262
3760 1774
3761 220
3762 4801
3763 4922
3764 2718
3765 564
3766 2202
3767 1685
3768 2088
3769 1958
3770 2497
3771 2845
3772 2623
3773 2685
3774 2566
3775 3297
3776 3647
3777 269
3778 12
3779 1066
3780 2587
3781 4336
3782 4931
3783 3857
3784 892
3785 2535
3786 1130
3787 4402
3788 284
3789 1298
3790 115
3791 532
3792 958
3793 2859
3794 1638
3795 2831
3796 2758
3797 1045
3798 250
3799 4281
3800 4037
3801 2906
3802 4976
3803 4299
3804 2365
3805 2095
3806 1682
3807 353
3808 2264
3809 4982
3810 3795
3811 684
3812 316
3813 338
3814 950
3815 907
3816 846
3817 3618
3818 2260
3819 3656
3820 1515
3821 609
3822 4840
3823 4415
3824 2708
3825 1875
3826 1965
3827 998
3828 2247
3829 4183
3830 2360
3831 4225
3832 4791
3833 1895
3834 4100
3835 1361
3836 4458
3837 238
3838 2570
3839 2178
3840 3128
3841 2197
3842 4440
3843 3386
3844 358
3845 435
3846 147
3847 467
3848 2124
3849 2807
3850 1781
3851 797
3852 4769
3853 1719
3854 2601
3855 1386
3856 4114
3857 4525
3858 3699
3859 1231
3860 4658
3861 3838
3862 1972
3863 2169
3864 3750
3865 1923
3866 2409
3867 1423
3868 1643
3869 1133
3870 1290
3871 3203
3872 770
3873 369
3874 2220
3875 163
3876 1998
3877 233
3878 3911
3879 85
3880 953
3881 1618
3882 2277
3883 4784
3884 1867
3885 3503
3886 1657
3887 2725
3888 1132
3889 500
3890 4703
3891 3551
3892 4511
3893 3262
3894 1616
3895 3659
3896 4998
3897 3773
3898 786
3899 3072
3900 3295
3901 2668
3902 4766
3903 4536
3904 851
3905 2942
3906 156
3907 1843
3908 4188
3909 1283
3910 634
3911 4829
3912 1016
3913 3182
3914 3876
3915 4327
3916 2342
3917 4406
3918 1097
3919 2000
3920 1345
3921 565
3922 353
3923 4907
3924 163
3925 2042
3926 2636
3927 432
3928 3550
3929 3892
3930 3137
3931 883
3932 666
3933 1789
3934 4710
3935 2074
3936 3552
3937 20
3938 3291
3939 2298
3940 1683
3941 655
3942 2046
3943 2478
3944 186
3945 4722
3946 3278
3947 4157
3948 734
3949 1423
3950 1462
3951 2013
3952 1423
3953 442
3954 2570
3955 4063
3956 183
3957 4660
3958 3242
3959 881
3960 2289
3961 1783
3962 4059
3963 499
3964 3398
3965 4215
3966 154
3967 1512
3968 898
3969 1980
3970 2897
3971 1966
3972 1643
3973 3195
3974 4882
3975 4413
3976 3158
3977 1092
3978 4806
3979 2825
3980 4581
3981 378
3982 3739
3983 3498
3984 3171
3985 4206
3986 436
3987 2900
3988 3742
3989 3934
3990 205
3991 2355
3992 3958
3993 1066
3994 3247
3995 1863
3996 4910
3997 1799
3998 3416
3999 4436
4000 1247
4001 2679
4002 4772
4003 3041
4004 3971
4005 3513
4006 3620
4007 3271
4008 1260
4009 3768
4010 2414
4011 430
4012 2339
4013 4312
4014 3078
4015 4187
4016 4269
4017 312
4018 1526
4019 1096
4020 4937
4021 4243
4022 3019
4023 4259
4024 3703
4025 3201
4026 1068
4027 2429
4028 1638
4029 2216
4030 3510
4031 1404
4032 376
4033 335
4034 3324
4035 3435
4036 1730
4037 2752
4038 4657
4039 2015
4040 2673
4041 301
4042 3275
4043 286
4044 4773
4045 3435
4046 2926
4047 2409
4048 4580
4049 3641
4050 618
4051 3114
4052 2116
4053 1346
4054 3040
4055 156
4056 1592
4057 814
4058 602
4059 4966
4060 4602
4061 1259
4062 3012
4063 4599
4064 3623
4065 834
4066 4169
4067 1032
4068 3541
4069 2626
4070 2916
4071 4966
4072 2508
4073 1538
4074 3368
4075 3680
4076 4508
4077 3595
4078 1248
4079 2954
4080 114
4081 2967
4082 3605
4083 1574
4084 3905
4085 1617
4086 2778
4087 4017
4088 2933
4089 1565
4090 4407
4091 3844
4092 1647
4093 2603
4094 4716
4095 630
4096 3713
4097 1837
4098 4108
4099 2757
4100 3943
4101 3585
4102 1463
4103 2313
4104 1031
4105 4974
4106 3786
4107 56
4108 2041
4109 3053
4110 2606
4111 1894
4112 2520
4113 2340
4114 2920
4115 4296
4116 1500
4117 3424
4118 2912
4119 4397
4120 4376
4121 1732
4122 4704
4123 1864
4124 2632
4125 918
4126 4229
4127 2277
4128 3770
4129 948
4130 3771
4131 1555
4132 4232
4133 4668
4134 4945
4135 4900
4136 1478
4137 4825
4138 1486
4139 3560
4140 1008
4141 2672
4142 3808
4143 684
4144 340
4145 2085
4146 749
4147 146
4148 3722
4149 836
4150 2534
4151 4032
4152 2089
4153 2
4154 749
4155 750
4156 4675
4157 1744
4158 427
4159 4842
4160 2363
4161 2798
4162 204
4163 1121
4164 2825
4165 1879
4166 3061
4167 636
4168 4571
4169 3673
4170 4716
4171 279
4172 672
4173 4576
4174 2418
4175 3765
4176 1052
4177 2849
4178 3687
4179 4876
4180 2199
4181 908
4182 2359
4183 236
4184 3681
4185 3230
4186 3585
4187 2042
4188 4171
4189 7
4190 3501
4191 2029
4192 1116
4193 3432
4194 1773
4195 1100
4196 4127
4197 1456
4198 2638
4199 975
4200 4918
4201 1792
4202 4371
4203 650
4204 2164
4205 1236
4206 2362
4207 329
4208 4237
4209 4824
4210 3238
4211 2395
4212 2194
4213 2938
4214 1111
4215 260
4216 4542
4217 3527
4218 864
4219 673
4220 4035
4221 481
4222 4636
4223 4735
4224 2
4225 3545
4226 669
4227 3613
4228 4114
4229 2110
4230 263
4231 124
4232 2669
4233 4023
4234 4312
4235 705
4236 1679
4237 1767
4238 3222
4239 2354
4240 2092
4241 1403
4242 3867
4243 4565
4244 4449
4245 179
4246 2388
4247 3675
4248 1474
4249 3865
4250 1309
4251 1106
4252 3027
4253 4097
4254 4114
4255 1148
4256 861
4257 1105
4258 4106
4259 3632
4260 2510
4261 2359
4262 2649
4263 4834
4264 2499
4265 638
4266 4104
4267 4952
4268 2068
4269 4096
4270 4188
4271 1217
4272 1814
4273 4200
4274 2198
4275 143
4276 1644
4277 1754
4278 3382
4279 3797
4280 2059
4281 1784
4282 760
4283 3865
4284 2213
4285 1507
4286 3733
4287 4628
4288 72
4289 4996
4290 2289
4291 3862
4292 4180
4293 4889
4294 1719
4295 2993
4296 4713
4297 4053
4298 122
4299 1569
4300 1572
4301 593
4302 2959
4303 175
4304 949
4305 1992
4306 414
4307 4358
4308 4523
4309 3170
4310 4892
4311 3870
4312 3057
4313 952
4314 4050
4315 3621
4316 2462
4317 4832
4318 1031
4319 3517
4320 2799
4321 3474
4322 4828
4323 2293
4324 4282
4325 4177
4326 479
4327 3004
4328 562
4329 305
4330 4870
4331 3816
4332 1081
4333 576
4334 4382
4335 240
4336 1178
4337 643
4338 2926
4339 4040
4340 1653
4341 1390
4342 666
4343 3959
4344 3346
4345 3112
4346 2885
4347 3762
4348 3381
4349 76
4350 4118
4351 2835
4352 935
4353 1888
4354 3260
4355 2022
4356 3801
4357 4121
4358 406
4359 1028
4360 4691
4361 2436
4362 4280
4363 4769
4364 210
4365 1157
4366 2919
4367 2004
4368 4164
4369 2224
4370 2479
4371 706
4372 4339
4373 1263
4374 3141
4375 1000
4376 4778
4377 1344
4378 3867
4379 3969
4380 839
4381 428
4382 3637
4383 2400
4384 3897
4385 4895
4386 2115
4387 2969
4388 1874
4389 11
4390 3613
4391 1978
4392 3678
4393 1628
4394 426
4395 4426
4396 289
4397 3954
4398 4274
4399 3204
4400 932
4401 2212
4402 1453
4403 4449
4404 4980
4405 1424
4406 717
4407 16
4408 802
4409 1931
4410 2512
4411 832
4412 3439
4413 3416
4414 1633
4415 214
4416 448
4417 728
4418 272
4419 1824
4420 2279
4421 17
4422 579
4423 399
4424 2981
4425 1657
4426 1992
4427 1990
4428 3989
4429 4762
4430 3816
4431 628
4432 1516
4433 978
4434 1319
4435 4643
4436 1710
4437 2123
4438 965
4439 1569
4440 422
4441 806
4442 220
4443 4287
4444 1199
4445 2036
4446 4656
4447 3769
4448 876
4449 1540
4450 3135
4451 2522
4452 976
4453 1685
4454 668
4455 2797
4456 1571
4457 2706
4458 3155
4459 3632
4460 332
4461 983
4462 4211
4463 2750
4464 533
4465 1785
4466 1401
4467 2643
4468 740
4469 4356
4470 4682
4471 4285
4472 1299
4473 2172
4474 4682
4475 4104
4476 3447
4477 1318
4478 939
4479 2348
4480 728
4481 271
4482 928
4483 94
4484 3627
4485 717
4486 4552
4487 4010
4488 1149
4489 3758
4490 4271
4491 3964
4492 1293
4493 822
4494 3156
4495 1990
4496 2568
4497 657
4498 4410
4499 4766
4500 4998
4501 2077
4502 3652
4503 2345
4504 4953
4505 650
4506 1180
4507 3379
4508 822
4509 4905
4510 3989
4511 956
4512 3783
4513 3711
4514 2461
4515 4530
4516 3697
4517 930
4518 867
4519 356
4520 4567
4521 1029
4522 279
4523 1811
4524 288
4525 3856
4526 496
4527 246
4528 3004
4529 1985
4530 4847
4531 2969
4532 882
4533 2720
4534 2154
4535 1167
4536 4414
4537 881
4538 2636
4539 3075
4540 3020
4541 2575
4542 366
4543 1544
4544 2208
4545 2753
4546 885
4547 2606
4548 3909
4549 4490
4550 1213
4551 2490
4552 72
4553 2780
4554 707
4555 4132
4556 3304
4557 2018
4558 1051
4559 2122
4560 1853
4561 2093
4562 4406
4563 2400
4564 2266
4565 1351
4566 4885
4567 1169
4568 2653
4569 1227
4570 1448
4571 2142
4572 4925
4573 4177
4574 3819
4575 3436
4576 3833
4577 1894
4578 4530
4579 2891
4580 3774
4581 4308
4582 4162
4583 3781
4584 996
4585 727
4586 2104
4587 4955
4588 3226
4589 4645
4590 167
4591 300
4592 493
4593 1834
4594 1520
4595 2985
4596 3755
4597 360
4598 3034
4599 3419
4600 1147
4601 4126
4602 4070
4603 872
4604 3122
4605 4673
4606 392
4607 3664
4608 4316
4609 1914
4610 4148
4611 3964
4612 3574
4613 124
4614 1855
4615 2832
4616 1949
4617 979
4618 4584
4619 1621
4620 499
4621 3193
4622 33
4623 3802
4624 1113
4625 724
4626 3987
4627 4217
4628 1628
4629 1128
4630 757
4631 2660
4632 1950
4633 1310
4634 1325
4635 257
4636 3450
4637 338
4638 1563
4639 1336
4640 1286
4641 1378
4642 4271
4643 1631
4644 3977
4645 762
4646 817
4647 3617
4648 4960
4649 670
4650 7
4651 2528
4652 1843
4653 4459
4654 1861
4655 3993
4656 1313
4657 3058
4658 353
4659 372
4660 1939
4661 1242
4662 809
4663 2872
4664 3665
4665 3260
4666 275
4667 856
4668 1461
4669 2193
4670 1594
4671 4725
4672 3801
4673 2611
4674 1969
4675 3869
4676 3570
4677 2711
4678 3140
4679 3396
4680 4623
4681 2829
4682 4803
4683 1511
4684 4530
4685 142
4686 989
4687 2270
4688 9
4689 1415
4690 2594
4691 1528
4692 2517
4693 3225
4694 719
4695 2445
4696 3591
4697 3854
4698 3344
4699 1938
4700 4808
4701 1937
4702 3247
4703 3173
4704 4061
4705 632
4706 1326
4707 2397
4708 4473
4709 1874
4710 3869
4711 536
4712 3341
4713 2339
4714 4662
4715 4531
4716 2050
4717 2345
4718 4978
4719 191
4720 1048
4721 1750
4722 1075
4723 4697
4724 2351
4725 1792
4726 4827
4727 1973
4728 3303
4729 3551
4730 1940
4731 4460
4732 2904
4733 270
4734 1408
4735 75
4736 889
4737 4745
4738 2862
4739 2337
4740 2844
4741 4103
4742 3242
4743 133
4744 628
4745 4327
4746 168
4747 4772
4748 3750
4749 2001
4750 586
4751 2096
4752 1673
4753 3522
4754 4208
4755 4119
4756 843
4757 1205
4758 4340
4759 3083
4760 852
4761 4151
4762 3267
4763 2143
4764 4555
4765 4220
4766 186
4767 31
4768 60
4769 3915
4770 686
4771 2729
4772 1537
4773 130
4774 1238
4775 3257
4776 4009
4777 2893
4778 759
4779 4527
4780 2910
4781 1767
4782 4180
4783 1265
4784 1609
4785 1819
4786 226
4787 1799
4788 3698
4789 4324
4790 4819
4791 2532
4792 4425
4793 3244
4794 1213
4795 807
4796 2699
4797 2180
4798 3981
4799 88
4800 3811
4801 2113
4802 1906
4803 42
4804 1864
4805 3972
4806 287
4807 4808
4808 3448
4809 3686
4810 4176
4811 1461
4812 3678
4813 4402
4814 4426
4815 4697
4816 236
4817 1075
4818 4034
4819 3727
4820 4514
4821 4728
4822 711
4823 2281
4824 3654
4825 2019
4826 3184
4827 3462
4828 1007
4829 1921
4830 4012
4831 3764
4832 2813
4833 4539
4834 1095
4835 352
4836 3253
4837 2295
4838 4113
4839 1256
4840 3106
4841 2441
4842 644
4843 2830
4844 2507
4845 1
4846 3649
4847 2166
4848 4435
4849 4179
4850 2274
4851 4579
4852 4609
4853 788
4854 1780
4855 3602
4856 4326
4857 4110
4858 3131
4859 1508
4860 2940
4861 3275
4862 372
4863 1231
4864 3360
4865 3976
4866 4473
4867 2707
4868 1359
4869 1775
4870 1683
4871 3017
4872 2117
4873 2018
4874 87
4875 702
4876 1785
4877 430
4878 2315
4879 3399
4880 349
4881 4217
4882 4700
4883 4
4884 311
4885 3256
4886 1251
4887 4028
4888 1515
4889 1289
4890 1791
4891 2985
4892 3909
4893 3274
4894 1976
4895 3479
4896 1080
4897 4193
4898 1072
4899 4540
4900 4090
4901 1584
4902 4669
4903 1508
4904 1704
4905 4879
4906 778
4907 4288
4908 4297
4909 2704
4910 2680
4911 4002
4912 4685
4913 3444
4914 576
4915 36
4916 1302
4917 2589
4918 443
4919 4855
4920 892
4921 4111
4922 4399
4923 890
4924 4530
4925 4787
4926 3294
4927 1190
4928 3550
4929 4649
4930 2728
4931 2438
4932 3242
4933 585
4934 3785
4935 2757
4936 1609
4937 773
4938 4114
4939 3968
4940 2211
4941 4393
4942 797
4943 799
4944 3445
4945 3300
4946 2399
4947 3352
4948 2448
4949 3474
4950 1601
4951 1580
4952 330
4953 2861
4954 2447
4955 3954
4956 1146
4957 1382
4958 2382
4959 3076
4960 3116
4961 855
4962 2435
4963 1265
4964 2114
4965 753
4966 2592
4967 2634
4968 1101
4969 490
4970 487
4971 902
4972 765
4973 3280
4974 81
4975 4723
4976 2899
4977 131
4978 884
4979 2193
4980 654
4981 3203
4982 299
4983 4133
4984 1502
4985 3337
4986 2082
4987 3891
4988 814
4989 289
4990 60
4991 2736
4992 4251
4993 4553
4994 4496
4995 1745
4996 373
4997 1628
4998 3508
4999 1055
