10000 10000
0 2425
1 4451
2 1176
3 7227
4 5635
5 8196
6 757
7 971
8 2035
9 4365
10 8192
11 4616
12 1237
13 4196
14 290
15 9598
16 7295
17 7175
18 4718
19 8522
20 2743
21 74
22 8023
23 2171
24 249
25 1768
26 4559
27 4778
28 3507
29 2359
30 5835
31 8604
32 5932
33 4701
34 4594
35 4135
36 8165
37 4317
38 4007
39 9322
40 4852
41 4766
42 4377
43 5453
44 4071
45 7971
46 3216
47 9068
48 4355
49 6548
50 8123
51 6164
52 5198
53 9210
54 6736
55 1911
56 4964
57 6207
58 2263
59 3364
60 8813
61 2434
62 4605
63 4249
64 2034
65 3565
66 5461
67 5946
68 5739
69 8123
70 5212
71 9324
72 7250
73 9423
74 4190
75 2038
76 7562
77 5422
78 8785
79 3601
80 512
81 7427
82 8471
83 931
84 7157
85 9397
86 5246
87 6795
88 8472
89 3391
90 9922
91 2034
92 2229
93 1068
94 8886
95 3040
96 2356
97 6255
98 3014
99 4681
100 3835
101 610
102 6039
103 9062
104 1738
105 8234
106 9330
107 3492
108 6622
109 50
110 2029
111 8152
112 6988
113 5419
114 4064
115 3501
116 6702
117 4320
118 7579
119 9910
120 4292
121 2854
122 617
123 5994
124 2621
125 4584
126 6952
127 4662
128 5743
129 380
130 9285
131 3211
132 6521
133 8525
134 4966
135 9790
136 7598
137 7509
138 6612
139 5148
140 8691
141 7364
142 871
143 3226
144 4702
145 9231
146 8059
147 5191
148 1693
149 7148
150 8035
151 7742
152 2131
153 6354
154 1043
155 3963
156 3390
157 8807
158 5830
159 5804
160 3248
161 1426
162 884
163 2142
164 3790
165 7826
166 9453
167 485
168 752
169 231
170 9695
171 9329
172 4984
173 1323
174 2924
175 5354
176 1760
177 8315
178 9001
179 4833
180 6167
181 6766
182 2051
183 1340
184 1640
185 181
186 271
187 9281
188 1662
189 4298
190 2348
191 7523
192 9938
193 9865
194 6496
195 2084
196 2701
197 4414
198 3368
199 3467
200 8734
201 9753
202 4763
203 1984
204 132
205 8062
206 4425
207 6152
208 7195
209 2500
210 3324
211 2637
212 1171
213 6236
214 8302
215 4965
216 2425
217 6162
218 409
219 1770
220 1278
221 9213
222 8969
223 569
224 8203
225 4767
226 1797
227 3859
228 7844
229 3602
230 5214
231 1243
232 8183
233 2440
234 8301
235 659
236 8151
237 3493
238 8341
239 1628
240 2597
241 4794
242 1765
243 1907
244 8141
245 1758
246 5153
247 1484
248 9606
249 8651
250 6942
251 7946
252 7990
253 9809
254 1779
255 2195
256 6859
257 2804
258 3434
259 3727
260 1032
261 8912
262 8708
263 8784
264 448
265 7528
266 2100
267 8569
268 6137
269 1694
270 7620
271 2546
272 9617
273 4833
274 4748
275 5159
276 7965
277 3570
278 1950
279 7756
280 9081
281 4436
282 9565
283 3874
284 5448
285 4849
286 54
287 6605
288 5761
289 753
290 8908
291 8390
292 7926
293 8688
294 8620
295 5152
296 4347
297 322
298 4108
299 2431
300 7022
301 6757
302 6662
303 2030
304 2462
305 6594
306 9837
307 4709
308 563
309 5363
310 9098
311 2107
312 8059
313 5317
314 4443
315 6957
316 890
317 8259
318 2664
319 2064
320 3054
321 2653
322 7437
323 2211
324 5816
325 4705
326 1557
327 7438
328 6650
329 2873
330 4098
331 6139
332 8060
333 4736
334 3313
335 747
336 9635
337 7489
338 7196
339 2184
340 5827
341 4144
342 139
343 4165
344 3160
345 5733
346 9415
347 550
348 8629
349 2848
350 3309
351 9554
352 5117
353 9368
354 7235
355 3794
356 4633
357 4150
358 1973
359 5052
360 8736
361 3820
362 1703
363 2619
364 1010
365 5163
366 90
367 8879
368 95
369 6806
370 8581
371 8057
372 2973
373 5861
374 4386
375 8032
376 1123
377 7569
378 229
379 626
380 4923
381 7412
382 5235
383 296
384 4127
385 5782
386 9622
387 1634
388 9441
389 975
390 4775
391 1531
392 9335
393 3351
394 1187
395 6164
396 1391
397 2835
398 6599
399 1468
400 6996
401 2496
402 8849
403 9560
404 2546
405 4160
406 3558
407 647
408 4722
409 4159
410 2722
411 119
412 9163
413 4950
414 8955
415 320
416 1938
417 5147
418 464
419 2758
420 3121
421 2198
422 5146
423 5624
424 4533
425 1622
426 194
427 6717
428 4003
429 2333
430 4077
431 4700
432 9796
433 34
434 6294
435 6506
436 6013
437 4783
438 6472
439 2620
440 8981
441 5132
442 1841
443 9261
444 3013
445 9297
446 1580
447 7196
448 6773
449 4257
450 8279
451 6495
452 7259
453 5853
454 6599
455 1174
456 5148
457 9893
458 5797
459 6974
460 7919
461 1024
462 8234
463 2548
464 7956
465 3718
466 8940
467 1249
468 614
469 7630
470 109
471 4901
472 3691
473 7968
474 9763
475 4835
476 5493
477 2374
478 9560
479 5218
480 6789
481 375
482 6273
483 2710
484 7114
485 9825
486 6824
487 9389
488 1540
489 3477
490 2401
491 2409
492 8004
493 4007
494 8192
495 1089
496 5484
497 4376
498 9875
499 932
500 237
501 8846
502 8815
503 9070
504 5902
505 9081
506 9659
507 4262
508 8823
509 7974
510 5956
511 2634
512 9287
513 5227
514 1204
515 9830
516 4986
517 8946
518 6421
519 7133
520 6396
521 3519
522 1901
523 705
524 8317
525 9465
526 6429
527 8476
528 1099
529 2509
530 649
531 382
532 9448
533 2363
534 4522
535 5401
536 1248
537 5750
538 162
539 6870
540 2234
541 8764
542 9532
543 5626
544 4285
545 2921
546 9325
547 1052
548 6024
549 3910
550 2923
551 3245
552 9614
553 6967
554 221
555 7566
556 5765
557 3412
558 2719
559 8844
560 8935
561 754
562 5622
563 5570
564 9716
565 2385
566 8387
567 6511
568 1804
569 6598
570 4164
571 5913
572 9493
573 7522
574 2657
575 9044
576 3639
577 3768
578 3443
579 577
580 6515
581 542
582 3908
583 3638
584 2298
585 266
586 5225
587 64
588 3486
589 600
590 8584
591 511
592 5365
593 5834
594 2806
595 9059
596 7181
597 314
598 1551
599 5586
600 7665
601 3608
602 2201
603 7667
604 9538
605 799
606 887
607 39
608 8153
609 3253
610 7092
611 2909
612 6626
613 9265
614 9307
615 8581
616 939
617 7833
618 9528
619 5384
620 6221
621 4790
622 8081
623 5506
624 6538
625 2780
626 3024
627 4235
628 2498
629 265
630 1164
631 1417
632 5568
633 1132
634 4420
635 8607
636 3130
637 7862
638 4991
639 3910
640 9093
641 1305
642 9723
643 6269
644 5037
645 7001
646 9878
647 7377
648 5629
649 8768
650 4916
651 3963
652 3189
653 4903
654 1365
655 254
656 1273
657 4894
658 8597
659 1957
660 8782
661 9998
662 4451
663 3462
664 6854
665 8985
666 7405
667 4632
668 6920
669 2331
670 8150
671 3279
672 5160
673 3851
674 1414
675 6494
676 8427
677 972
678 5370
679 7707
680 6881
681 9992
682 733
683 5717
684 1224
685 77
686 7200
687 5335
688 7699
689 701
690 5991
691 8993
692 2265
693 9641
694 2639
695 1635
696 6615
697 4993
698 9735
699 8003
700 2740
701 6742
702 1413
703 7475
704 5801
705 9501
706 3682
707 8681
708 4977
709 6082
710 2383
711 645
712 5571
713 7439
714 1974
715 1347
716 8514
717 8754
718 3498
719 9011
720 85
721 4249
722 5177
723 330
724 64
725 9153
726 1448
727 2834
728 4184
729 5416
730 4488
731 2483
732 9485
733 5485
734 5266
735 4648
736 5028
737 8263
738 1914
739 7239
740 607
741 775
742 7942
743 6566
744 5652
745 9328
746 4118
747 2314
748 1402
749 1787
750 2691
751 7206
752 8932
753 479
754 9521
755 455
756 6015
757 4769
758 907
759 1025
760 2703
761 8030
762 9633
763 6139
764 6250
765 1013
766 1499
767 9712
768 7471
769 6432
770 9766
771 4059
772 8848
773 872
774 973
775 1699
776 6858
777 354
778 7282
779 2799
780 9754
781 1800
782 1124
783 3055
784 9981
785 8377
786 7710
787 2936
788 542
789 3650
790 9108
791 8064
792 9268
793 2187
794 3442
795 8670
796 9935
797 8295
798 8030
799 2950
800 8860
801 6559
802 674
803 6322
804 8809
805 8395
806 9641
807 9400
808 95
809 6365
810 8770
811 281
812 395
813 5124
814 2154
815 9532
816 2059
817 938
818 8397
819 6455
820 8711
821 1688
822 4810
823 3156
824 9700
825 1516
826 7860
827 302
828 5782
829 9077
830 9019
831 852
832 2160
833 5001
834 8651
835 8803
836 9652
837 6897
838 6822
839 3044
840 3060
841 7890
842 2863
843 9421
844 1802
845 4233
846 1362
847 992
848 8424
849 7813
850 8838
851 243
852 9276
853 3532
854 1052
855 7561
856 1248
857 2253
858 5176
859 5015
860 483
861 8306
862 8098
863 9849
864 8093
865 2229
866 409
867 7394
868 4399
869 8932
870 497
871 9310
872 364
873 4585
874 1384
875 638
876 2069
877 2580
878 9640
879 5162
880 478
881 4926
882 1174
883 2227
884 3861
885 401
886 3001
887 9888
888 6164
889 8134
890 9912
891 8597
892 866
893 3031
894 2547
895 2665
896 9558
897 7894
898 120
899 2119
900 7853
901 6256
902 5292
903 1704
904 5525
905 9377
906 8749
907 2210
908 3260
909 9481
910 7324
911 5593
912 2501
913 9273
914 993
915 3992
916 5082
917 9520
918 2551
919 4267
920 931
921 6539
922 2503
923 3674
924 5166
925 8795
926 7569
927 5174
928 4594
929 6456
930 9743
931 6307
932 785
933 3157
934 3830
935 121
936 1666
937 5426
938 8887
939 1182
940 6291
941 3743
942 8189
943 2666
944 5539
945 1555
946 7362
947 1456
948 3798
949 3965
950 8606
951 4395
952 3974
953 7263
954 4565
955 6949
956 4820
957 2377
958 5071
959 8842
960 6233
961 9073
962 6725
963 9411
964 8200
965 1410
966 8491
967 390
968 4264
969 8057
970 1973
971 2048
972 2225
973 179
974 9207
975 2112
976 7891
977 6212
978 2186
979 6361
980 9363
981 1331
982 3174
983 5402
984 2041
985 8199
986 4637
987 8603
988 3891
989 9012
990 5065
991 1504
992 6400
993 2790
994 9552
995 2830
996 9384
997 1785
998 4518
999 3387
1000 7925
1001 7542
1002 1444
1003 4128
1004 1713
1005 8588
1006 9697
1007 4260
1008 4337
1009 2265
1010 5095
1011 591
1012 2285
1013 8239
1014 5249
1015 856
1016 5759
1017 5417
1018 511
1019 5584
1020 7458
1021 9488
1022 9183
1023 3849
1024 6854
1025 7704
1026 4680
1027 6209
1028 1932
1029 3799
1030 9709
1031 5957
1032 8140
1033 6393
1034 9455
1035 6984
1036 5746
1037 5839
1038 3294
1039 2549
1040 4089
1041 2729
1042 2929
1043 8177
1044 8046
1045 1898
1046 1374
1047 8559
1048 6023
1049 1229
1050 4930
1051 2053
1052 2176
1053 8312
1054 723
1055 4242
1056 9570
1057 2903
1058 8602
1059 6029
1060 2472
1061 8083
1062 3498
1063 2931
1064 1661
1065 5165
1066 254
1067 6033
1068 948
1069 1310
1070 9189
1071 9646
1072 9490
1073 4056
1074 5928
1075 2303
1076 6395
1077 8050
1078 1362
1079 245
1080 829
1081 2672
1082 643
1083 376
1084 2295
1085 1623
1086 7105
1087 7857
1088 9494
1089 5429
1090 9714
1091 3343
1092 4730
1093 9961
1094 1494
1095 258
1096 1225
1097 902
1098 7855
1099 9957
1100 3921
1101 7770
1102 2372
1103 9987
1104 373
1105 9117
1106 8480
1107 1695
1108 6310
1109 9758
1110 8061
1111 9373
1112 6459
1113 1430
1114 5992
1115 5387
1116 9452
1117 744
1118 1896
1119 4995
1120 4111
1121 7369
1122 8972
1123 9111
1124 16
1125 637
1126 816
1127 4731
1128 2728
1129 3318
1130 4132
1131 5780
1132 6540
1133 1036
1134 2462
1135 8
1136 110
1137 5850
1138 6687
1139 4957
1140 662
1141 3947
1142 4099
1143 5501
1144 8632
1145 3849
1146 839
1147 6913
1148 9891
1149 8403
1150 6226
1151 8357
1152 2851
1153 2583
1154 5315
1155 9752
1156 8995
1157 5749
1158 3497
1159 540
1160 4772
1161 5505
1162 7441
1163 5797
1164 6289
1165 4861
1166 2305
1167 8890
1168 3862
1169 80
1170 9493
1171 8173
1172 6472
1173 9351
1174 9218
1175 827
1176 4919
1177 7265
1178 2100
1179 6698
1180 8432
1181 794
1182 9600
1183 2796
1184 838
1185 2510
1186 9563
1187 76
1188 8471
1189 8350
1190 1849
1191 2176
1192 7748
1193 4842
1194 3884
1195 986
1196 6458
1197 4077
1198 5719
1199 674
1200 3885
1201 891
1202 8282
1203 8048
1204 9234
1205 7369
1206 2159
1207 2040
1208 4604
1209 920
1210 1823
1211 7246
1212 5072
1213 9636
1214 687
1215 2649
1216 2174
1217 8325
1218 5053
1219 4752
1220 7978
1221 6953
1222 8656
1223 4268
1224 2893
1225 6582
1226 8604
1227 5448
1228 5252
1229 6482
1230 5331
1231 5212
1232 2547
1233 5436
1234 7283
1235 6334
1236 9051
1237 3935
1238 1683
1239 8543
1240 8113
1241 6901
1242 4828
1243 6259
1244 698
1245 2186
1246 1389
1247 9382
1248 6719
1249 2246
1250 1212
1251 1815
1252 719
1253 6270
1254 9908
1255 609
1256 9034
1257 9130
1258 3411
1259 7506
1260 311
1261 5137
1262 2253
1263 1129
1264 6609
1265 7763
1266 5350
1267 7756
1268 8560
1269 9998
1270 2199
1271 8104
1272 7419
1273 6391
1274 2914
1275 3075
1276 8413
1277 2711
1278 3346
1279 670
1280 6218
1281 7467
1282 2986
1283 3533
1284 2466
1285 4684
1286 6235
1287 3313
1288 1932
1289 2272
1290 9853
1291 4820
1292 1170
1293 3174
1294 3959
1295 9144
1296 134
1297 8525
1298 9319
1299 8362
1300 2775
1301 6808
1302 7527
1303 1343
1304 3811
1305 5691
1306 5452
1307 1504
1308 5228
1309 1169
1310 6623
1311 7665
1312 1154
1313 248
1314 7955
1315 175
1316 484
1317 7086
1318 9324
1319 7872
1320 4971
1321 6707
1322 8685
1323 6462
1324 1784
1325 1200
1326 4555
1327 450
1328 8302
1329 3937
1330 2391
1331 3297
1332 6170
1333 9607
1334 8544
1335 5095
1336 6879
1337 409
1338 7054
1339 3438
1340 2174
1341 4700
1342 1298
1343 808
1344 2001
1345 3997
1346 9328
1347 9363
1348 7648
1349 5688
1350 4150
1351 9864
1352 7104
1353 5807
1354 6186
1355 2346
1356 2254
1357 8649
1358 51
1359 807
1360 3682
1361 6121
1362 3150
1363 4441
1364 2664
1365 6155
1366 1477
1367 5003
1368 9558
1369 8332
1370 4845
1371 4243
1372 2278
1373 3585
1374 8740
1375 5352
1376 7149
1377 9124
1378 3269
1379 49
1380 4907
1381 7712
1382 1037
1383 5472
1384 9058
1385 8790
1386 9412
1387 7135
1388 4426
1389 7030
1390 7450
1391 5875
1392 1546
1393 8934
1394 5128
1395 4645
1396 7493
1397 9923
1398 3864
1399 4375
1400 7229
1401 6154
1402 4165
1403 5654
1404 6848
1405 8167
1406 2487
1407 1472
1408 6574
1409 5887
1410 1472
1411 5450
1412 1423
1413 4532
1414 4119
1415 927
1416 2606
1417 4161
1418 2586
1419 839
1420 9584
1421 6556
1422 3630
1423 1561
1424 4455
1425 4879
1426 7312
1427 891
1428 858
1429 5200
1430 6785
1431 7296
1432 4790
1433 8830
1434 4
1435 8576
1436 2815
1437 6307
1438 2289
1439 3700
1440 6916
1441 8753
1442 4453
1443 9498
1444 2583
1445 5758
1446 7715
1447 934
1448 4580
1449 7071
1450 9529
1451 6568
1452 3893
1453 2686
1454 3487
1455 5079
1456 4519
1457 3448
1458 7512
1459 7777
1460 1846
1461 4608
1462 1029
1463 1930
1464 7918
1465 2753
1466 6169
1467 6004
1468 4055
1469 9999
1470 965
1471 6372
1472 5419
1473 5074
1474 8923
1475 2856
1476 9162
1477 4263
1478 3627
1479 9961
1480 6812
1481 8342
1482 8363
1483 545
1484 9284
1485 3704
1486 7018
1487 2376
1488 8719
1489 9062
1490 6318
1491 4773
1492 9676
1493 7301
1494 3299
1495 4181
1496 4810
1497 4206
1498 5113
1499 126
1500 820
1501 8311
1502 5873
1503 9181
1504 4216
1505 9036
1506 6398
1507 4262
1508 7125
1509 2231
1510 2613
1511 3186
1512 9424
1513 4572
1514 2222
1515 8535
1516 9079
1517 4698
1518 7547
1519 348
1520 4073
1521 7273
1522 5398
1523 2918
1524 4549
1525 7574
1526 9866
1527 1358
1528 7707
1529 5270
1530 695
1531 933
1532 7742
1533 2684
1534 8402
1535 6119
1536 6153
1537 1506
1538 2929
1539 8710
1540 5178
1541 5741
1542 6962
1543 4663
1544 3119
1545 501
1546 2176
1547 2692
1548 1135
1549 4497
1550 2704
1551 6682
1552 9828
1553 2198
1554 464
1555 4076
1556 7850
1557 603
1558 9025
1559 8350
1560 2006
1561 7669
1562 4438
1563 2678
1564 8143
1565 7347
1566 3294
1567 3677
1568 6716
1569 9415
1570 6962
1571 7866
1572 1244
1573 3879
1574 6224
1575 3094
1576 9733
1577 7948
1578 8224
1579 1503
1580 2319
1581 6512
1582 4925
1583 340
1584 1974
1585 7990
1586 2776
1587 6936
1588 3613
1589 836
1590 6195
1591 3483
1592 9584
1593 5132
1594 8479
1595 639
1596 8153
1597 4034
1598 8403
1599 8470
1600 9894
1601 2217
1602 3940
1603 553
1604 9471
1605 807
1606 6172
1607 6720
1608 2049
1609 3831
1610 9385
1611 1927
1612 2930
1613 7620
1614 6888
1615 3724
1616 2181
1617 2837
1618 7349
1619 1335
1620 4338
1621 6978
1622 5170
1623 9947
1624 5998
1625 7355
1626 3079
1627 2948
1628 3210
1629 6812
1630 3927
1631 7761
1632 6798
1633 7890
1634 8873
1635 5177
1636 9503
1637 5006
1638 9667
1639 5348
1640 1105
1641 5859
1642 2746
1643 4633
1644 5775
1645 8139
1646 2940
1647 7146
1648 3089
1649 6984
1650 2818
1651 9636
1652 3920
1653 2273
1654 9568
1655 3855
1656 7120
1657 8469
1658 5088
1659 2244
1660 3275
1661 4511
1662 6361
1663 275
1664 1289
1665 5499
1666 1911
1667 4914
1668 5653
1669 4904
1670 3545
1671 7227
1672 5631
1673 794
1674 5892
1675 6712
1676 5946
1677 7322
1678 7621
1679 2624
1680 6576
1681 9186
1682 6456
1683 294
1684 1064
1685 3270
1686 1169
1687 653
1688 9210
1689 9885
1690 3422
1691 6649
1692 8254
1693 7637
1694 6493
1695 7244
1696 3335
1697 2516
1698 3218
1699 7148
1700 9612
1701 9050
1702 6985
1703 3007
1704 2780
1705 4353
1706 7875
1707 5112
1708 1947
1709 1539
1710 8908
1711 4587
1712 7807
1713 9920
1714 9987
1715 6923
1716 1342
1717 5384
1718 3727
1719 5319
1720 4807
1721 9116
1722 6315
1723 5376
1724 8777
1725 3611
1726 1360
1727 7860
1728 5357
1729 1364
1730 5476
1731 9833
1732 4407
1733 6304
1734 2792
1735 2120
1736 4341
1737 7447
1738 2422
1739 847
1740 3670
1741 6093
1742 4348
1743 5826
1744 1559
1745 5539
1746 1452
1747 1460
1748 2305
1749 77
1750 3548
1751 762
1752 5548
1753 1545
1754 5387
1755 98
1756 1050
1757 1617
1758 6388
1759 756
1760 5901
1761 7173
1762 2471
1763 6630
1764 8219
1765 5548
1766 6493
1767 5157
1768 6195
1769 5531
1770 7116
1771 7217
1772 3921
1773 4842
1774 6369
1775 4273
1776 7270
1777 6888
1778 5115
1779 4722
1780 1136
1781 6434
1782 1631
1783 9930
1784 9687
1785 7177
1786 2119
1787 7974
1788 9649
1789 1912
1790 158
1791 7350
1792 1340
1793 9961
1794 7630
1795 4046
1796 2268
1797 158
1798 2820
1799 9499
1800 7845
1801 2810
1802 4333
1803 1993
1804 6810
1805 5956
1806 388
1807 528
1808 2846
1809 3472
1810 7013
1811 1152
1812 5120
1813 5009
1814 3380
1815 3384
1816 6341
1817 5104
1818 4161
1819 9780
1820 6
1821 5012
1822 4520
1823 7904
1824 2367
1825 134
1826 7248
1827 5416
1828 4585
1829 2512
1830 5819
1831 4587
1832 9300
1833 4374
1834 3598
1835 8295
1836 7460
1837 4920
1838 6229
1839 4694
1840 3340
1841 5886
1842 5222
1843 9178
1844 6458
1845 9720
1846 1954
1847 349
1848 7161
1849 4988
1850 3768
1851 3479
1852 3770
1853 6506
1854 6428
1855 6270
1856 9878
1857 6669
1858 3291
1859 8200
1860 1988
1861 7486
1862 4021
1863 3715
1864 3877
1865 8959
1866 7556
1867 6226
1868 2316
1869 5006
1870 2103
1871 3157
1872 4998
1873 8364
1874 9246
1875 2701
1876 7382
1877 8281
1878 3275
1879 1375
1880 6409
1881 9856
1882 8401
1883 3588
1884 2993
1885 7939
1886 4083
1887 3791
1888 2658
1889 8847
1890 4145
1891 7331
1892 4566
1893 8053
1894 2577
1895 3600
1896 3461
1897 7565
1898 9480
1899 2640
1900 431
1901 6538
1902 8996
1903 2586
1904 4546
1905 3400
1906 8356
1907 3347
1908 2545
1909 6405
1910 5155
1911 9542
1912 3241
1913 6497
1914 7540
1915 8766
1916 6549
1917 2780
1918 5107
1919 5143
1920 8094
1921 6393
1922 5386
1923 2921
1924 734
1925 5251
1926 2131
1927 1168
1928 8069
1929 3161
1930 3472
1931 4748
1932 8421
1933 9016
1934 2950
1935 5972
1936 5678
1937 937
1938 9852
1939 1272
1940 3738
1941 838
1942 4652
1943 809
1944 5188
1945 4063
1946 242
1947 7189
1948 8682
1949 1312
1950 7522
1951 5791
1952 2686
1953 7638
1954 2996
1955 7310
1956 8801
1957 2290
1958 2705
1959 951
1960 2121
1961 6512
1962 3083
1963 3255
1964 4530
1965 2117
1966 1534
1967 5518
1968 5867
1969 8187
1970 15
1971 1707
1972 2948
1973 4666
1974 2109
1975 6594
1976 8955
1977 1859
1978 1844
1979 1145
1980 6282
1981 6597
1982 2134
1983 8780
1984 5862
1985 3216
1986 9508
1987 3945
1988 2008
1989 7739
1990 4891
1991 137
1992 3768
1993 1652
1994 7539
1995 2773
1996 7825
1997 3511
1998 4553
1999 1332
2000 2732
2001 515
2002 9790
2003 6754
2004 4343
2005 2801
2006 2473
2007 7183
2008 2096
2009 6515
2010 9356
2011 7559
2012 830
2013 325
2014 8776
2015 7918
2016 2664
2017 2348
2018 8685
2019 8688
2020 8786
2021 9913
2022 596
2023 8319
2024 9300
2025 118
2026 1074
2027 7481
2028 9454
2029 7053
2030 5904
2031 8594
2032 3430
2033 2585
2034 1732
2035 9765
2036 6321
2037 983
2038 7521
2039 7895
2040 5348
2041 9841
2042 4940
2043 2121
2044 9381
2045 4683
2046 3062
2047 4311
2048 7794
2049 7623
2050 7090
2051 7246
2052 4098
2053 3417
2054 4303
2055 4967
2056 3718
2057 3456
2058 7662
2059 5592
2060 9885
2061 4215
2062 6556
2063 6727
2064 9467
2065 175
2066 8680
2067 461
2068 1000
2069 4902
2070 5329
2071 2770
2072 2286
2073 9732
2074 9029
2075 819
2076 409
2077 4981
2078 2825
2079 1650
2080 9092
2081 1223
2082 1181
2083 5705
2084 7899
2085 6968
2086 8955
2087 9148
2088 4885
2089 9418
2090 1095
2091 4605
2092 9004
2093 1251
2094 7986
2095 5335
2096 6339
2097 4608
2098 6404
2099 4446
2100 3293
2101 1380
2102 3527
2103 2290
2104 8034
2105 9899
2106 4153
2107 789
2108 5933
2109 6789
2110 4016
2111 7957
2112 4461
2113 526
2114 9299
2115 5016
2116 5752
2117 2787
2118 7764
2119 4771
2120 9534
2121 6676
2122 1575
2123 460
2124 3163
2125 6246
2126 607
2127 4199
2128 847
2129 586
2130 4554
2131 3375
2132 2322
2133 4392
2134 1859
2135 6960
2136 6804
2137 2202
2138 8902
2139 143
2140 3280
2141 2926
2142 614
2143 2115
2144 8863
2145 1004
2146 1477
2147 8478
2148 94
2149 9026
2150 6742
2151 3578
2152 1677
2153 7161
2154 2483
2155 7532
2156 9308
2157 5738
2158 763
2159 3113
2160 2107
2161 6092
2162 4421
2163 6531
2164 9677
2165 9855
2166 497
2167 6542
2168 3444
2169 2496
2170 6112
2171 2414
2172 9151
2173 8026
2174 6262
2175 4420
2176 2791
2177 7218
2178 9919
2179 4474
2180 4252
2181 4212
2182 9440
2183 8502
2184 9587
2185 2902
2186 470
2187 5474
2188 2852
2189 9603
2190 3791
2191 5321
2192 679
2193 4026
2194 4081
2195 4063
2196 3669
2197 951
2198 7377
2199 755
2200 4759
2201 871
2202 7165
2203 4327
2204 8067
2205 6105
2206 8008
2207 8303
2208 461
2209 7191
2210 8354
2211 699
2212 3909
2213 9226
2214 6821
2215 3227
2216 6395
2217 869
2218 6410
2219 5924
2220 4772
2221 6176
2222 2014
2223 6731
2224 363
2225 3460
2226 1410
2227 6655
2228 1097
2229 6345
2230 1356
2231 334
2232 97
2233 1803
2234 1588
2235 1428
2236 4867
2237 8754
2238 6406
2239 3744
2240 598
2241 8879
2242 953
2243 907
2244 6258
2245 107
2246 1835
2247 2503
2248 617
2249 9596
2250 3423
2251 598
2252 8352
2253 9240
2254 5134
2255 8712
2256 4188
2257 7459
2258 1448
2259 6733
2260 9942
2261 260
2262 8803
2263 7827
2264 2458
2265 9698
2266 8001
2267 5223
2268 8439
2269 4522
2270 929
2271 2697
2272 4889
2273 1258
2274 1702
2275 2803
2276 1433
2277 3637
2278 4279
2279 8124
2280 2412
2281 4055
2282 2295
2283 4242
2284 3872
2285 9544
2286 1115
2287 4883
2288 5676
2289 905
2290 4387
2291 1801
2292 1556
2293 7846
2294 9848
2295 9526
2296 2189
2297 7659
2298 6151
2299 6814
2300 7268
2301 7512
2302 7077
2303 896
2304 8304
2305 1495
2306 8019
2307 8796
2308 7399
2309 4236
2310 696
2311 6127
2312 1573
2313 747
2314 3925
2315 9033
2316 1540
2317 3898
2318 4217
2319 4118
2320 8808
2321 5532
2322 646
2323 3703
2324 3148
2325 1872
2326 1339
2327 9816
2328 9973
2329 9
2330 6199
2331 4042
2332 8920
2333 5576
2334 9400
2335 8042
2336 2313
2337 9481
2338 9160
2339 8508
2340 6305
2341 3095
2342 8875
2343 1822
2344 6141
2345 852
2346 1458
2347 9103
2348 7638
2349 3706
2350 4267
2351 3416
2352 5498
2353 9112
2354 3518
2355 6047
2356 2818
2357 3783
2358 7970
2359 9159
2360 1588
2361 7138
2362 6239
2363 8900
2364 683
2365 3430
2366 9143
2367 9355
2368 604
2369 1235
2370 7118
2371 4279
2372 7532
2373 6041
2374 9344
2375 4229
2376 4794
2377 9468
2378 7100
2379 8996
2380 9784
2381 570
2382 5014
2383 8337
2384 8404
2385 9008
2386 5704
2387 2463
2388 8359
2389 3567
2390 503
2391 1560
2392 664
2393 684
2394 9631
2395 3186
2396 5784
2397 9402
2398 3032
2399 358
2400 9669
2401 8242
2402 1310
2403 3492
2404 3984
2405 7965
2406 4857
2407 3695
2408 2453
2409 5675
2410 2139
2411 3139
2412 1287
2413 9699
2414 798
2415 489
2416 1951
2417 3603
2418 5206
2419 4393
2420 4170
2421 5379
2422 1690
2423 7614
2424 67
2425 9870
2426 423
2427 7826
2428 9165
2429 223
2430 837
2431 3184
2432 473
2433 2209
2434 6849
2435 5042
2436 189
2437 6766
2438 6564
2439 5440
2440 2886
2441 6875
2442 4092
2443 6316
2444 58
2445 4504
2446 2398
2447 4569
2448 5274
2449 2851
2450 1620
2451 995
2452 8686
2453 4956
2454 9936
2455 6465
2456 8991
2457 2717
2458 7178
2459 237
2460 7745
2461 8652
2462 9046
2463 6933
2464 6947
2465 2927
2466 8053
2467 9265
2468 8073
2469 9935
2470 9440
2471 4843
2472 8686
2473 9807
2474 8221
2475 9066
2476 2965
2477 7562
2478 7424
2479 8699
2480 6338
2481 7522
2482 6489
2483 6925
2484 4199
2485 974
2486 9560
2487 178
2488 8738
2489 5115
2490 8189
2491 9476
2492 9585
2493 8657
2494 2429
2495 5331
2496 5776
2497 9496
2498 3255
2499 2895
2500 2528
2501 7609
2502 7539
2503 5960
2504 722
2505 2602
2506 8784
2507 980
2508 4322
2509 5833
2510 3124
2511 8944
2512 2592
2513 3439
2514 3879
2515 2446
2516 1806
2517 9776
2518 2910
2519 2151
2520 9909
2521 9981
2522 3728
2523 4173
2524 4306
2525 9895
2526 6650
2527 7763
2528 9330
2529 4211
2530 1753
2531 5014
2532 8508
2533 8270
2534 4703
2535 4423
2536 8214
2537 6645
2538 7867
2539 7416
2540 9063
2541 6969
2542 3208
2543 7
2544 4896
2545 8969
2546 2444
2547 5713
2548 7878
2549 1350
2550 7519
2551 8131
2552 9072
2553 7646
2554 978
2555 2792
2556 7004
2557 534
2558 6681
2559 2914
2560 3761
2561 1240
2562 8675
2563 2471
2564 6755
2565 5245
2566 6968
2567 5534
2568 4292
2569 7624
2570 6198
2571 7736
2572 9316
2573 770
2574 7647
2575 3373
2576 6931
2577 9685
2578 9914
2579 9295
2580 8480
2581 5763
2582 1660
2583 5414
2584 5693
2585 2060
2586 7088
2587 2054
2588 2914
2589 2920
2590 3705
2591 702
2592 1946
2593 223
2594 2110
2595 6708
2596 226
2597 3219
2598 3154
2599 1439
2600 6452
2601 4099
2602 5958
2603 4873
2604 7652
2605 4751
2606 2273
2607 3593
2608 424
2609 1341
2610 5356
2611 248
2612 3583
2613 6711
2614 8666
2615 1353
2616 2644
2617 6092
2618 6093
2619 7795
2620 3462
2621 7022
2622 8904
2623 2712
2624 5388
2625 3435
2626 8486
2627 5772
2628 5636
2629 4555
2630 5421
2631 705
2632 7512
2633 984
2634 6667
2635 5669
2636 4865
2637 8353
2638 3485
2639 3310
2640 9739
2641 130
2642 9599
2643 8152
2644 5531
2645 2110
2646 8108
2647 6309
2648 6007
2649 6954
2650 9031
2651 6039
2652 2553
2653 7860
2654 6794
2655 4949
2656 3210
2657 5849
2658 2028
2659 9097
2660 2587
2661 3871
2662 5466
2663 2449
2664 8001
2665 5573
2666 923
2667 5529
2668 7162
2669 5772
2670 5211
2671 9189
2672 5341
2673 3800
2674 9220
2675 7556
2676 6725
2677 9294
2678 877
2679 3443
2680 406
2681 9568
2682 9302
2683 9191
2684 2732
2685 2025
2686 522
2687 8632
2688 2289
2689 1548
2690 9327
2691 5370
2692 461
2693 8552
2694 6058
2695 7299
2696 9035
2697 7083
2698 3339
2699 1463
2700 5674
2701 2551
2702 494
2703 9576
2704 6613
2705 7301
2706 2789
2707 4651
2708 1183
2709 9058
2710 8606
2711 8762
2712 2398
2713 5822
2714 7840
2715 9932
2716 7487
2717 4006
2718 5803
2719 3996
2720 2331
2721 4825
2722 7213
2723 6917
2724 3167
2725 9775
2726 9872
2727 7976
2728 6083
2729 77
2730 1706
2731 2524
2732 6881
2733 5349
2734 4666
2735 9486
2736 6555
2737 1263
2738 4848
2739 5338
2740 3193
2741 2865
2742 3235
2743 9761
2744 5108
2745 2642
2746 2699
2747 1104
2748 6697
2749 1214
2750 9686
2751 1917
2752 8069
2753 2982
2754 3611
2755 9147
2756 3932
2757 8673
2758 1594
2759 5420
2760 8509
2761 4219
2762 3924
2763 3972
2764 6768
2765 2316
2766 5013
2767 332
2768 6602
2769 4239
2770 6803
2771 7420
2772 2608
2773 3150
2774 9263
2775 6745
2776 1422
2777 8469
2778 1853
2779 9447
2780 9098
2781 6240
2782 8439
2783 8933
2784 2218
2785 455
2786 4035
2787 3827
2788 6411
2789 6466
2790 6757
2791 844
2792 7154
2793 6786
2794 7738
2795 2717
2796 5849
2797 3895
2798 252
2799 8670
2800 6877
2801 1007
2802 7978
2803 5055
2804 8755
2805 883
2806 6697
2807 3643
2808 7380
2809 9189
2810 3312
2811 8268
2812 2039
2813 6833
2814 3549
2815 8905
2816 5493
2817 3415
2818 9311
2819 4342
2820 9996
2821 2289
2822 8773
2823 3447
2824 305
2825 6923
2826 6914
2827 262
2828 9580
2829 6900
2830 6845
2831 1675
2832 4251
2833 6303
2834 5223
2835 8223
2836 1541
2837 2016
2838 8826
2839 7309
2840 2695
2841 2392
2842 3060
2843 9931
2844 3300
2845 2763
2846 6313
2847 7433
2848 309
2849 7909
2850 8234
2851 6617
2852 180
2853 8225
2854 1943
2855 8603
2856 9901
2857 3071
2858 7604
2859 5576
2860 2900
2861 7341
2862 3209
2863 440
2864 1546
2865 3735
2866 8725
2867 5507
2868 9759
2869 3992
2870 8949
2871 5082
2872 1110
2873 429
2874 638
2875 1102
2876 1300
2877 8954
2878 3402
2879 3865
2880 2247
2881 2322
2882 18
2883 4498
2884 3942
2885 8783
2886 7935
2887 9926
2888 6943
2889 7125
2890 9323
2891 821
2892 6851
2893 3750
2894 8744
2895 1051
2896 5688
2897 4765
2898 9993
2899 2941
2900 3754
2901 5522
2902 6685
2903 2414
2904 8062
2905 6311
2906 4762
2907 5757
2908 1158
2909 1482
2910 79
2911 8316
2912 5918
2913 180
2914 9847
2915 7563
2916 2283
2917 5031
2918 4621
2919 2406
2920 1692
2921 1510
2922 8463
2923 8616
2924 5871
2925 7770
2926 9725
2927 2834
2928 3161
2929 1119
2930 2074
2931 9853
2932 3442
2933 526
2934 5920
2935 3361
2936 3223
2937 5163
2938 8170
2939 6061
2940 8382
2941 6316
2942 367
2943 1096
2944 671
2945 9653
2946 8902
2947 9860
2948 7164
2949 9750
2950 5747
2951 4990
2952 7893
2953 9957
2954 9057
2955 134
2956 9416
2957 55
2958 6483
2959 8469
2960 1678
2961 7539
2962 1017
2963 6812
2964 8257
2965 9138
2966 4705
2967 3075
2968 1601
2969 6183
2970 8452
2971 432
2972 1359
2973 3676
2974 2930
2975 2706
2976 1041
2977 1326
2978 8633
2979 3520
2980 1862
2981 4103
2982 4311
2983 687
2984 1455
2985 6418
2986 103
2987 3890
2988 5651
2989 9806
2990 1398
2991 9329
2992 5638
2993 764
2994 9865
2995 7403
2996 4509
2997 5792
2998 7129
2999 3588
3000 8892
3001 8834
3002 7814
3003 1690
3004 8592
3005 3332
3006 1679
3007 9828
3008 5746
3009 4106
3010 3416
3011 6570
3012 7256
3013 9286
3014 3053
3015 5812
3016 2850
3017 5755
3018 4739
3019 6510
3020 8058
3021 4665
3022 7114
3023 3409
3024 2911
3025 4358
3026 7593
3027 7790
3028 3245
3029 9569
3030 8874
3031 4157
3032 4192
3033 4253
3034 6162
3035 3114
3036 9907
3037 4226
3038 2637
3039 6064
3040 6493
3041 947
3042 2672
3043 8514
3044 6768
3045 7969
3046 3266
3047 215
3048 4575
3049 5395
3050 8737
3051 1887
3052 8761
3053 6196
3054 3837
3055 5525
3056 723
3057 1771
3058 2614
3059 7053
3060 3718
3061 8809
3062 8522
3063 6851
3064 1291
3065 1708
3066 1175
3067 653
3068 3004
3069 9172
3070 7827
3071 3078
3072 7635
3073 700
3074 8624
3075 1535
3076 2616
3077 2740
3078 9626
3079 3350
3080 7775
3081 7270
3082 8559
3083 4486
3084 1380
3085 9103
3086 5517
3087 4758
3088 1566
3089 3508
3090 9005
3091 6686
3092 5540
3093 9927
3094 3365
3095 4553
3096 6387
3097 9726
3098 4930
3099 6969
3100 1166
3101 8352
3102 4443
3103 8797
3104 6031
3105 1319
3106 1577
3107 9845
3108 7061
3109 420
3110 7539
3111 2085
3112 2512
3113 5968
3114 8918
3115 808
3116 9071
3117 5058
3118 4161
3119 1860
3120 7024
3121 3993
3122 1372
3123 6732
3124 479
3125 6907
3126 4551
3127 824
3128 1092
3129 1591
3130 4052
3131 5414
3132 3121
3133 782
3134 3620
3135 7998
3136 2831
3137 1693
3138 9488
3139 1843
3140 2688
3141 7979
3142 5342
3143 7263
3144 5916
3145 5498
3146 2082
3147 1783
3148 8651
3149 3364
3150 5450
3151 1302
3152 9100
3153 3844
3154 1135
3155 5158
3156 3122
3157 5768
3158 9892
3159 9124
3160 9482
3161 4321
3162 1138
3163 873
3164 4145
3165 6794
3166 1136
3167 5382
3168 6655
3169 3762
3170 6773
3171 7998
3172 3726
3173 862
3174 6438
3175 3684
3176 43
3177 6034
3178 955
3179 917
3180 72
3181 8852
3182 1650
3183 5166
3184 8692
3185 6813
3186 5896
3187 9284
3188 2658
3189 7877
3190 3330
3191 8446
3192 5228
3193 2140
3194 7782
3195 1769
3196 6193
3197 2257
3198 6124
3199 8262
3200 1113
3201 4176
3202 7754
3203 6725
3204 9410
3205 3722
3206 3072
3207 2831
3208 8178
3209 5401
3210 9215
3211 3028
3212 7086
3213 9476
3214 2304
3215 3917
3216 3513
3217 1061
3218 3454
3219 7161
3220 3188
3221 9106
3222 3187
3223 7573
3224 3253
3225 7619
3226 721
3227 7567
3228 395
3229 740
3230 6074
3231 4879
3232 6817
3233 2467
3234 9323
3235 3115
3236 2656
3237 6232
3238 1998
3239 7058
3240 3344
3241 9764
3242 110
3243 852
3244 5794
3245 2778
3246 2487
3247 2789
3248 7025
3249 1116
3250 1206
3251 7459
3252 4403
3253 6727
3254 1381
3255 4228
3256 7032
3257 4463
3258 2478
3259 8552
3260 3702
3261 7642
3262 3647
3263 4126
3264 7086
3265 381
3266 8687
3267 769
3268 867
3269 6833
3270 9382
3271 6566
3272 4072
3273 9101
3274 2259
3275 9193
3276 513
3277 715
3278 9757
3279 2745
3280 4010
3281 6926
3282 9940
3283 6359
3284 4786
3285 1442
3286 7869
3287 4791
3288 5180
3289 6895
3290 5239
3291 3409
3292 6881
3293 1579
3294 9982
3295 4561
3296 6335
3297 7696
3298 1491
3299 8133
3300 3112
3301 3354
3302 8691
3303 2687
3304 9300
3305 6801
3306 5648
3307 7768
3308 8419
3309 8307
3310 6418
3311 5066
3312 4354
3313 4898
3314 2095
3315 6199
3316 2174
3317 5187
3318 1725
3319 1673
3320 5490
3321 1706
3322 8002
3323 9016
3324 3459
3325 427
3326 1350
3327 1104
3328 99
3329 4216
3330 6813
3331 7751
3332 1429
3333 2304
3334 1971
3335 7561
3336 1705
3337 9027
3338 2252
3339 4337
3340 8296
3341 6408
3342 6932
3343 9680
3344 1692
3345 5946
3346 6253
3347 3567
3348 1261
3349 9411
3350 4978
3351 5527
3352 6262
3353 9848
3354 5533
3355 3066
3356 5024
3357 9853
3358 6254
3359 3692
3360 4733
3361 3020
3362 5943
3363 3763
3364 6617
3365 7869
3366 770
3367 2674
3368 1709
3369 7543
3370 5284
3371 7755
3372 9501
3373 23
3374 5784
3375 3646
3376 9009
3377 1105
3378 6006
3379 1933
3380 7945
3381 1204
3382 5379
3383 9714
3384 4436
3385 8377
3386 5871
3387 6757
3388 295
3389 1408
3390 284
3391 5616
3392 3680
3393 4910
3394 4772
3395 3907
3396 2176
3397 7880
3398 617
3399 4450
3400 6784
3401 5935
3402 963
3403 8185
3404 6401
3405 9047
3406 4591
3407 8969
3408 635
3409 2875
3410 2097
3411 9666
3412 8967
3413 2003
3414 508
3415 7321
3416 8479
3417 2332
3418 6231
3419 2498
3420 9613
3421 9292
3422 7036
3423 5836
3424 8327
3425 4896
3426 818
3427 4240
3428 8389
3429 5568
3430 29
3431 5416
3432 2250
3433 5581
3434 63
3435 142
3436 622
3437 2964
3438 6219
3439 1249
3440 5097
3441 669
3442 2513
3443 1318
3444 7843
3445 7325
3446 6422
3447 8161
3448 5764
3449 3939
3450 2920
3451 692
3452 1771
3453 1952
3454 4843
3455 8294
3456 9968
3457 5599
3458 498
3459 819
3460 6964
3461 3341
3462 5040
3463 3461
3464 7240
3465 5242
3466 3023
3467 7516
3468 9436
3469 4714
3470 9945
3471 3359
3472 1551
3473 9493
3474 7532
3475 6247
3476 1907
3477 6251
3478 2241
3479 4368
3480 7725
3481 6733
3482 1557
3483 4895
3484 5893
3485 8001
3486 7975
3487 683
3488 7481
3489 2511
3490 1114
3491 3119
3492 2535
3493 5709
3494 1987
3495 3751
3496 6692
3497 662
3498 2636
3499 765
3500 2855
3501 5397
3502 4982
3503 9844
3504 9595
3505 4140
3506 6735
3507 1474
3508 4804
3509 8705
3510 4455
3511 7507
3512 6768
3513 175
3514 2105
3515 3668
3516 193
3517 7952
3518 49
3519 5618
3520 7574
3521 38
3522 2133
3523 5668
3524 9710
3525 2279
3526 5121
3527 6209
3528 2141
3529 2220
3530 8126
3531 7700
3532 4466
3533 1709
3534 9053
3535 4650
3536 7540
3537 1442
3538 7369
3539 130
3540 4690
3541 3721
3542 4393
3543 7248
3544 241
3545 1134
3546 7521
3547 2875
3548 3221
3549 5219
3550 6645
3551 1269
3552 5848
3553 4423
3554 5825
3555 8004
3556 6117
3557 1629
3558 2453
3559 8374
3560 3668
3561 7114
3562 5249
3563 9890
3564 9102
3565 9612
3566 9637
3567 8764
3568 7234
3569 5228
3570 3187
3571 6400
3572 1192
3573 8542
3574 3552
3575 5779
3576 8825
3577 2328
3578 1920
3579 2383
3580 8287
3581 6904
3582 9625
3583 1117
3584 3008
3585 7993
3586 5262
3587 1122
3588 2860
3589 4571
3590 73
3591 982
3592 474
3593 9571
3594 8473
3595 2122
3596 5857
3597 2990
3598 3660
3599 1025
3600 3169
3601 4445
3602 2181
3603 3541
3604 4246
3605 4484
3606 8911
3607 8014
3608 8730
3609 7580
3610 9718
3611 8504
3612 8586
3613 2185
3614 5552
3615 3034
3616 3327
3617 921
3618 4087
3619 4616
3620 1727
3621 8041
3622 3096
3623 7495
3624 5090
3625 8360
3626 2221
3627 455
3628 6879
3629 5376
3630 3433
3631 1628
3632 1425
3633 3522
3634 8947
3635 789
3636 1861
3637 79
3638 7241
3639 1256
3640 8331
3641 3537
3642 6034
3643 3328
3644 832
3645 182
3646 7312
3647 5719
3648 6926
3649 2207
3650 6098
3651 2835
3652 8493
3653 6624
3654 5354
3655 5222
3656 2120
3657 9034
3658 3694
3659 4017
3660 6439
3661 454
3662 6639
3663 6173
3664 7739
3665 8315
3666 1564
3667 1445
3668 6161
3669 9865
3670 7418
3671 4767
3672 4712
3673 5854
3674 4828
3675 5491
3676 1666
3677 2995
3678 6853
3679 9680
3680 1324
3681 3903
3682 4489
3683 5929
3684 6445
3685 857
3686 8183
3687 2339
3688 1581
3689 8296
3690 5676
3691 9988
3692 7637
3693 7303
3694 9289
3695 8924
3696 1454
3697 3773
3698 3937
3699 5755
3700 7619
3701 3745
3702 5479
3703 930
3704 133
3705 3569
3706 8547
3707 6085
3708 1881
3709 1955
3710 6161
3711 8288
3712 6010
3713 4498
3714 9042
3715 4433
3716 9399
3717 2299
3718 4581
3719 1685
3720 8238
3721 3039
3722 5280
3723 84
3724 6544
3725 5753
3726 618
3727 3038
3728 1746
3729 5358
3730 2540
3731 1274
3732 8546
3733 8731
3734 1418
3735 5976
3736 1027
3737 3833
3738 6202
3739 9097
3740 9551
3741 8513
3742 6940
3743 6374
3744 856
3745 3578
3746 9680
3747 3953
3748 8997
3749 9961
3750 9091
3751 2959
3752 2249
3753 7968
3754 6051
3755 7915
3756 4540
3757 8725
3758 6107
3759 5135
3760 8300
3761 1770
3762 2521
3763 8677
3764 2468
3765 2669
3766 8920
3767 2733
3768 9388
3769 2842
3770 2748
3771 8678
3772 7405
3773 7871
3774 4812
3775 5270
3776 6314
3777 6735
3778 7378
3779 4123
3780 6175
3781 3034
3782 9354
3783 1170
3784 3594
3785 6615
3786 9860
3787 5757
3788 948
3789 8018
3790 7640
3791 490
3792 5213
3793 5785
3794 4434
3795 8561
3796 9095
3797 9610
3798 6395
3799 1814
3800 6950
3801 3297
3802 2980
3803 4228
3804 423
3805 5055
3806 456
3807 9766
3808 1844
3809 6733
3810 7068
3811 6918
3812 6103
3813 1391
3814 1928
3815 9730
3816 2526
3817 3938
3818 9597
3819 9065
3820 7838
3821 4169
3822 3714
3823 9720
3824 7383
3825 3728
3826 3303
3827 4255
3828 2173
3829 7523
3830 5213
3831 4163
3832 2616
3833 1774
3834 9095
3835 8151
3836 5201
3837 4453
3838 2886
3839 7863
3840 9156
3841 4964
3842 2610
3843 8853
3844 5231
3845 9341
3846 588
3847 4249
3848 2003
3849 7825
3850 3843
3851 994
3852 3866
3853 8182
3854 235
3855 6060
3856 582
3857 6641
3858 1851
3859 1480
3860 2996
3861 7729
3862 7414
3863 1783
3864 8807
3865 6049
3866 4784
3867 2337
3868 5160
3869 6364
3870 8563
3871 2658
3872 7071
3873 4615
3874 7718
3875 624
3876 5434
3877 5900
3878 9123
3879 6217
3880 2836
3881 1177
3882 3297
3883 4423
3884 4074
3885 650
3886 9218
3887 3966
3888 7590
3889 8305
3890 7024
3891 5892
3892 3348
3893 7226
3894 3580
3895 2934
3896 1692
3897 8031
3898 1042
3899 3489
3900 2144
3901 5466
3902 3192
3903 84
3904 2236
3905 9670
3906 6755
3907 1159
3908 6093
3909 2284
3910 7599
3911 2956
3912 450
3913 5646
3914 1349
3915 5692
3916 3540
3917 8308
3918 1699
3919 6019
3920 79
3921 5596
3922 8381
3923 8917
3924 6475
3925 5481
3926 4768
3927 7799
3928 524
3929 6614
3930 3674
3931 2301
3932 1480
3933 2795
3934 1577
3935 8679
3936 5718
3937 1193
3938 7514
3939 8389
3940 72
3941 8053
3942 2656
3943 6905
3944 6584
3945 1295
3946 7356
3947 1065
3948 8434
3949 6636
3950 7706
3951 1518
3952 9031
3953 8739
3954 2034
3955 9722
3956 4129
3957 3085
3958 4174
3959 2680
3960 432
3961 2084
3962 9932
3963 5703
3964 1759
3965 22
3966 4726
3967 3936
3968 2897
3969 7624
3970 2749
3971 6094
3972 5212
3973 8476
3974 474
3975 388
3976 3228
3977 7288
3978 3558
3979 8804
3980 9507
3981 1089
3982 8781
3983 5421
3984 9933
3985 9424
3986 8871
3987 3407
3988 9164
3989 8409
3990 3631
3991 4333
3992 9257
3993 3679
3994 486
3995 2141
3996 4870
3997 9828
3998 6039
3999 4588
4000 1334
4001 9941
4002 7182
4003 5772
4004 8319
4005 8071
4006 3294
4007 6909
4008 8981
4009 1958
4010 6456
4011 2534
4012 453
4013 9885
4014 9969
4015 9051
4016 2121
4017 3354
4018 7211
4019 1516
4020 7065
4021 3613
4022 3536
4023 3171
4024 531
4025 7917
4026 8955
4027 4202
4028 869
4029 3591
4030 9599
4031 3823
4032 330
4033 3345
4034 217
4035 6400
4036 4968
4037 2370
4038 87
4039 5527
4040 4241
4041 6971
4042 622
4043 5095
4044 5414
4045 6744
4046 4357
4047 7569
4048 9044
4049 6617
4050 6500
4051 8769
4052 4364
4053 3994
4054 7642
4055 8560
4056 7949
4057 3019
4058 8453
4059 3887
4060 7439
4061 819
4062 537
4063 2412
4064 8417
4065 1264
4066 7207
4067 3564
4068 2204
4069 8989
4070 4700
4071 4337
4072 4346
4073 216
4074 2470
4075 4365
4076 1298
4077 3616
4078 3707
4079 1559
4080 4797
4081 3254
4082 1997
4083 6989
4084 6255
4085 8561
4086 1015
4087 2932
4088 6620
4089 605
4090 2444
4091 4777
4092 5301
4093 9225
4094 5620
4095 1888
4096 3581
4097 1281
4098 4499
4099 8188
4100 2302
4101 6143
4102 1285
4103 3720
4104 8772
4105 7687
4106 6404
4107 7898
4108 2095
4109 5401
4110 6492
4111 3215
4112 7837
4113 7020
4114 5207
4115 8989
4116 4882
4117 5929
4118 9530
4119 3107
4120 1782
4121 1607
4122 1202
4123 7937
4124 2335
4125 6403
4126 4198
4127 625
4128 4790
4129 3728
4130 5106
4131 6573
4132 2206
4133 6904
4134 3725
4135 7274
4136 8411
4137 9470
4138 1241
4139 1451
4140 6791
4141 6216
4142 5343
4143 2462
4144 5975
4145 6885
4146 5768
4147 8558
4148 9294
4149 574
4150 1797
4151 7321
4152 975
4153 731
4154 9589
4155 9322
4156 2050
4157 1602
4158 7219
4159 8229
4160 5597
4161 7011
4162 3597
4163 3625
4164 6438
4165 7551
4166 1569
4167 4851
4168 5091
4169 6902
4170 9703
4171 9047
4172 7860
4173 4868
4174 8762
4175 2949
4176 9793
4177 4249
4178 5953
4179 3808
4180 4778
4181 1381
4182 9729
4183 7592
4184 6755
4185 9544
4186 2220
4187 307
4188 3743
4189 4813
4190 8755
4191 7764
4192 5829
4193 8349
4194 6484
4195 9491
4196 1457
4197 1368
4198 895
4199 8932
4200 8820
4201 451
4202 7945
4203 4666
4204 8486
4205 9639
4206 8326
4207 8941
4208 7586
4209 2385
4210 820
4211 9745
4212 9513
4213 1299
4214 7120
4215 8068
4216 1365
4217 5022
4218 2926
4219 75
4220 1485
4221 3045
4222 3746
4223 7054
4224 192
4225 5587
4226 9478
4227 6795
4228 6402
4229 59
4230 2709
4231 3950
4232 4975
4233 775
4234 657
4235 327
4236 9625
4237 8471
4238 9289
4239 6781
4240 358
4241 7561
4242 8042
4243 6875
4244 1492
4245 7891
4246 8697
4247 2933
4248 2072
4249 3009
4250 2400
4251 5987
4252 7403
4253 5670
4254 134
4255 6103
4256 5964
4257 8645
4258 2286
4259 2733
4260 424
4261 40
4262 488
4263 7553
4264 917
4265 3243
4266 583
4267 6337
4268 2733
4269 3354
4270 3807
4271 1148
4272 8745
4273 666
4274 7534
4275 667
4276 6768
4277 7110
4278 6249
4279 9976
4280 191
4281 2083
4282 5872
4283 2166
4284 3441
4285 722
4286 1386
4287 4056
4288 9597
4289 6737
4290 5162
4291 3845
4292 2639
4293 786
4294 8841
4295 589
4296 3455
4297 6579
4298 2730
4299 3817
4300 8453
4301 4355
4302 8318
4303 2907
4304 6997
4305 4348
4306 3394
4307 6636
4308 6931
4309 9333
4310 3132
4311 7527
4312 7919
4313 5914
4314 8897
4315 2073
4316 6651
4317 3854
4318 8661
4319 4659
4320 3273
4321 7793
4322 2479
4323 7345
4324 8045
4325 6124
4326 6792
4327 5252
4328 5298
4329 8875
4330 4402
4331 2605
4332 3283
4333 3687
4334 5412
4335 8578
4336 8194
4337 3457
4338 2052
4339 8939
4340 5342
4341 7795
4342 2455
4343 5446
4344 640
4345 8926
4346 5059
4347 2285
4348 1486
4349 9755
4350 6747
4351 9300
4352 5980
4353 7414
4354 7229
4355 9988
4356 1831
4357 8644
4358 3344
4359 73
4360 9450
4361 6613
4362 1818
4363 2511
4364 8253
4365 8597
4366 7235
4367 1873
4368 2166
4369 6355
4370 5142
4371 4474
4372 3964
4373 5767
4374 860
4375 5100
4376 9948
4377 7128
4378 8211
4379 9584
4380 5021
4381 2691
4382 859
4383 3134
4384 332
4385 2014
4386 9530
4387 5649
4388 4128
4389 9972
4390 2477
4391 2029
4392 4979
4393 3765
4394 4030
4395 844
4396 6870
4397 5022
4398 7452
4399 5126
4400 5439
4401 6943
4402 3699
4403 991
4404 607
4405 6755
4406 9214
4407 804
4408 1035
4409 8525
4410 9241
4411 4490
4412 4544
4413 2027
4414 1516
4415 5842
4416 4439
4417 7507
4418 5142
4419 470
4420 6141
4421 7146
4422 2664
4423 9666
4424 430
4425 5277
4426 6446
4427 2796
4428 8901
4429 9254
4430 9546
4431 9653
4432 2979
4433 7486
4434 6808
4435 1307
4436 6068
4437 5939
4438 9544
4439 7907
4440 6928
4441 9295
4442 806
4443 8107
4444 653
4445 860
4446 4078
4447 8527
4448 5835
4449 1282
4450 624
4451 464
4452 7508
4453 8251
4454 3051
4455 4142
4456 1950
4457 9534
4458 963
4459 2145
4460 8505
4461 4824
4462 2264
4463 9099
4464 6322
4465 9152
4466 2945
4467 413
4468 7054
4469 3969
4470 3181
4471 7973
4472 5896
4473 1165
4474 7
4475 9783
4476 3422
4477 2495
4478 215
4479 5974
4480 4758
4481 9037
4482 5141
4483 2247
4484 567
4485 8487
4486 3736
4487 6374
4488 4486
4489 3161
4490 9946
4491 9078
4492 6436
4493 2307
4494 6995
4495 5332
4496 6001
4497 9579
4498 8543
4499 4322
4500 7488
4501 4825
4502 269
4503 4157
4504 5893
4505 7202
4506 9261
4507 7273
4508 3695
4509 9221
4510 6641
4511 683
4512 6116
4513 8916
4514 312
4515 4698
4516 6535
4517 7845
4518 8929
4519 6315
4520 9002
4521 1445
4522 4329
4523 4455
4524 7734
4525 3679
4526 5034
4527 9851
4528 6417
4529 5440
4530 965
4531 2208
4532 1641
4533 1663
4534 6365
4535 5651
4536 8701
4537 7017
4538 1893
4539 4255
4540 6678
4541 823
4542 6050
4543 775
4544 4374
4545 4106
4546 7007
4547 8608
4548 4113
4549 6126
4550 7404
4551 8334
4552 1694
4553 2838
4554 3506
4555 5398
4556 3115
4557 4480
4558 8307
4559 6026
4560 9041
4561 9922
4562 9071
4563 8793
4564 7132
4565 169
4566 8594
4567 8274
4568 9093
4569 6678
4570 1150
4571 6136
4572 3257
4573 7497
4574 1245
4575 35
4576 824
4577 1265
4578 4032
4579 4249
4580 9275
4581 1404
4582 3773
4583 2013
4584 7634
4585 9914
4586 3405
4587 2208
4588 3389
4589 441
4590 5704
4591 8987
4592 9954
4593 9564
4594 2592
4595 4712
4596 333
4597 1904
4598 9344
4599 5207
4600 8660
4601 3386
4602 6535
4603 2941
4604 4869
4605 9738
4606 9215
4607 8630
4608 9509
4609 8929
4610 2478
4611 3826
4612 820
4613 638
4614 1779
4615 3811
4616 3558
4617 6511
4618 9812
4619 3895
4620 2804
4621 2964
4622 7942
4623 3603
4624 2361
4625 8078
4626 7782
4627 7408
4628 8420
4629 7391
4630 5965
4631 1465
4632 7451
4633 8025
4634 95
4635 7203
4636 7481
4637 1189
4638 2011
4639 2008
4640 458
4641 6421
4642 6036
4643 5582
4644 3790
4645 65
4646 2927
4647 5698
4648 976
4649 9380
4650 6475
4651 6147
4652 1917
4653 8889
4654 8517
4655 5831
4656 7366
4657 5780
4658 4565
4659 6995
4660 9174
4661 9469
4662 8373
4663 5919
4664 1825
4665 2238
4666 1544
4667 5480
4668 6478
4669 5390
4670 1496
4671 7304
4672 9066
4673 6728
4674 5139
4675 7471
4676 5812
4677 9798
4678 4548
4679 2941
4680 5591
4681 8038
4682 757
4683 9890
4684 9946
4685 9651
4686 9529
4687 6785
4688 8069
4689 8319
4690 9376
4691 818
4692 4676
4693 3371
4694 1269
4695 5080
4696 6851
4697 9642
4698 2309
4699 6426
4700 8053
4701 9482
4702 2251
4703 6182
4704 2082
4705 291
4706 7362
4707 234
4708 9661
4709 5947
4710 3977
4711 7703
4712 8768
4713 5867
4714 9766
4715 7544
4716 9774
4717 7518
4718 701
4719 987
4720 6998
4721 9730
4722 6234
4723 5715
4724 1603
4725 3886
4726 5595
4727 537
4728 6345
4729 9042
4730 1954
4731 1136
4732 3884
4733 6903
4734 829
4735 1545
4736 6896
4737 2493
4738 2298
4739 7600
4740 52
4741 7114
4742 8286
4743 1604
4744 5920
4745 4899
4746 949
4747 1179
4748 2940
4749 5204
4750 9731
4751 9033
4752 8137
4753 9231
4754 1464
4755 9036
4756 1840
4757 5628
4758 7616
4759 6814
4760 9058
4761 746
4762 5595
4763 8088
4764 3382
4765 2048
4766 9309
4767 4404
4768 2858
4769 7299
4770 917
4771 8002
4772 1511
4773 817
4774 9394
4775 9374
4776 397
4777 9531
4778 7886
4779 3948
4780 8692
4781 7395
4782 8139
4783 4732
4784 6257
4785 7148
4786 2830
4787 1078
4788 1030
4789 6963
4790 1325
4791 2675
4792 7080
4793 1338
4794 2040
4795 9402
4796 5547
4797 3559
4798 3771
4799 2993
4800 7874
4801 652
4802 3930
4803 1860
4804 1353
4805 8806
4806 3405
4807 260
4808 1329
4809 5574
4810 5908
4811 7942
4812 1797
4813 6822
4814 3336
4815 941
4816 7340
4817 9513
4818 7489
4819 9767
4820 6766
4821 1561
4822 4237
4823 8407
4824 4191
4825 8999
4826 4312
4827 2472
4828 4093
4829 3883
4830 5145
4831 7877
4832 9960
4833 6494
4834 8136
4835 634
4836 6738
4837 2581
4838 7038
4839 723
4840 5408
4841 1996
4842 7724
4843 4091
4844 7913
4845 8171
4846 3272
4847 3047
4848 2031
4849 9017
4850 6601
4851 1945
4852 8760
4853 7106
4854 5115
4855 5928
4856 9938
4857 8290
4858 2459
4859 9745
4860 4475
4861 5025
4862 2541
4863 2573
4864 7248
4865 1457
4866 6254
4867 3260
4868 2455
4869 756
4870 6231
4871 6375
4872 2852
4873 8658
4874 9065
4875 8556
4876 129
4877 8533
4878 6612
4879 6296
4880 3011
4881 6966
4882 2790
4883 7196
4884 4363
4885 1613
4886 8245
4887 9071
4888 3321
4889 1903
4890 4732
4891 5237
4892 6085
4893 9751
4894 6152
4895 8247
4896 7234
4897 3636
4898 1568
4899 75
4900 730
4901 6092
4902 7200
4903 1560
4904 5436
4905 1649
4906 6954
4907 5578
4908 2446
4909 4364
4910 6576
4911 4897
4912 6648
4913 2206
4914 3158
4915 6370
4916 5434
4917 9097
4918 3217
4919 1046
4920 6215
4921 8936
4922 9682
4923 4255
4924 9735
4925 3183
4926 620
4927 4330
4928 9169
4929 2817
4930 4357
4931 8612
4932 3386
4933 9781
4934 662
4935 139
4936 6649
4937 5777
4938 2504
4939 5866
4940 5720
4941 9259
4942 5464
4943 3271
4944 2774
4945 641
4946 577
4947 87
4948 9909
4949 916
4950 324
4951 8578
4952 2077
4953 7326
4954 3104
4955 7529
4956 847
4957 942
4958 1487
4959 3256
4960 5057
4961 8346
4962 7020
4963 2122
4964 8952
4965 5393
4966 1430
4967 1724
4968 4550
4969 7236
4970 4484
4971 2318
4972 567
4973 4510
4974 1141
4975 821
4976 3321
4977 7036
4978 1823
4979 1914
4980 3815
4981 4447
4982 998
4983 1717
4984 9149
4985 6143
4986 712
4987 8832
4988 712
4989 3377
4990 9786
4991 2684
4992 9212
4993 3336
4994 7297
4995 7018
4996 6549
4997 7020
4998 4707
4999 2737
5000 5720
5001 9368
5002 1395
5003 271
5004 877
5005 8593
5006 465
5007 1497
5008 704
5009 9558
5010 1716
5011 7018
5012 9037
5013 9299
5014 8631
5015 2451
5016 5393
5017 4545
5018 9048
5019 8218
5020 6981
5021 9559
5022 1963
5023 9169
5024 5428
5025 2582
5026 8851
5027 5025
5028 797
5029 2355
5030 9910
5031 8847
5032 4692
5033 2493
5034 5477
5035 2353
5036 473
5037 1362
5038 8589
5039 1373
5040 7929
5041 8103
5042 3184
5043 8941
5044 5046
5045 1989
5046 4423
5047 5821
5048 3047
5049 7698
5050 5246
5051 8448
5052 9025
5053 2640
5054 7425
5055 1420
5056 1318
5057 5263
5058 7194
5059 2656
5060 999
5061 6360
5062 2257
5063 7204
5064 8844
5065 1997
5066 7231
5067 5603
5068 7259
5069 2947
5070 9664
5071 9989
5072 6488
5073 157
5074 7799
5075 2403
5076 8040
5077 1337
5078 1334
5079 6579
5080 9398
5081 4230
5082 5836
5083 6155
5084 3845
5085 2803
5086 7411
5087 6311
5088 1251
5089 3030
5090 8727
5091 5432
5092 457
5093 8153
5094 6787
5095 487
5096 8205
5097 406
5098 9777
5099 817
5100 525
5101 3788
5102 8339
5103 2940
5104 2066
5105 5878
5106 2526
5107 4563
5108 9075
5109 8561
5110 4770
5111 3015
5112 1060
5113 4796
5114 2886
5115 812
5116 8355
5117 4790
5118 7566
5119 7309
5120 973
5121 2477
5122 9260
5123 2561
5124 4934
5125 8661
5126 1170
5127 6700
5128 2648
5129 1736
5130 7945
5131 4646
5132 252
5133 2091
5134 1023
5135 9363
5136 9699
5137 2205
5138 6952
5139 6821
5140 8012
5141 1975
5142 6113
5143 5255
5144 4899
5145 6668
5146 3727
5147 6341
5148 6692
5149 7067
5150 90
5151 2403
5152 5382
5153 2011
5154 7820
5155 7817
5156 531
5157 1802
5158 1356
5159 7855
5160 9335
5161 9507
5162 4014
5163 3435
5164 9897
5165 7617
5166 5923
5167 8468
5168 3613
5169 520
5170 4371
5171 8538
5172 7745
5173 2903
5174 5616
5175 1336
5176 4106
5177 8888
5178 9917
5179 9326
5180 381
5181 8372
5182 1084
5183 9544
5184 4158
5185 1115
5186 3468
5187 2704
5188 6351
5189 6515
5190 7969
5191 6060
5192 7329
5193 9537
5194 2238
5195 1621
5196 8887
5197 8459
5198 6437
5199 3088
5200 6977
5201 7536
5202 2106
5203 7557
5204 3053
5205 3315
5206 4628
5207 9565
5208 2442
5209 6073
5210 6857
5211 5029
5212 4311
5213 5046
5214 1685
5215 5990
5216 4385
5217 5536
5218 2039
5219 8681
5220 1001
5221 2511
5222 5178
5223 3659
5224 3787
5225 8875
5226 3849
5227 9546
5228 2006
5229 3748
5230 4150
5231 7090
5232 3223
5233 8174
5234 6599
5235 4119
5236 1394
5237 7687
5238 2924
5239 5196
5240 784
5241 8200
5242 2265
5243 5511
5244 572
5245 6483
5246 3717
5247 1807
5248 4105
5249 4384
5250 8263
5251 6986
5252 2313
5253 9292
5254 2380
5255 2730
5256 9886
5257 107
5258 4787
5259 3615
5260 2412
5261 42
5262 381
5263 5400
5264 508
5265 700
5266 2072
5267 5738
5268 3453
5269 2720
5270 1912
5271 8753
5272 5019
5273 1645
5274 8515
5275 9038
5276 3773
5277 9961
5278 6133
5279 3558
5280 9873
5281 274
5282 4523
5283 6076
5284 3308
5285 3950
5286 2761
5287 4441
5288 874
5289 1684
5290 7671
5291 7933
5292 2449
5293 3480
5294 2728
5295 6853
5296 9370
5297 3249
5298 4978
5299 3275
5300 9951
5301 8873
5302 3168
5303 7369
5304 3662
5305 5399
5306 9446
5307 5191
5308 5351
5309 3403
5310 543
5311 9714
5312 8779
5313 870
5314 7330
5315 6869
5316 4526
5317 722
5318 5020
5319 195
5320 8967
5321 3323
5322 3544
5323 3344
5324 6101
5325 4189
5326 7261
5327 7712
5328 1633
5329 3355
5330 992
5331 2422
5332 2859
5333 2240
5334 6787
5335 5696
5336 7168
5337 9419
5338 3837
5339 2895
5340 4528
5341 6712
5342 7703
5343 3503
5344 1329
5345 9193
5346 4767
5347 5913
5348 3677
5349 1173
5350 5523
5351 856
5352 5899
5353 3175
5354 6038
5355 687
5356 2978
5357 7857
5358 7814
5359 5322
5360 4951
5361 569
5362 20
5363 3635
5364 5938
5365 2949
5366 6149
5367 6043
5368 8727
5369 4680
5370 7878
5371 4458
5372 682
5373 1778
5374 4127
5375 9778
5376 1628
5377 7579
5378 6120
5379 9336
5380 9042
5381 746
5382 5040
5383 6412
5384 8268
5385 9470
5386 3396
5387 9294
5388 8312
5389 9996
5390 5583
5391 2386
5392 3678
5393 41
5394 9829
5395 5648
5396 9259
5397 9920
5398 1291
5399 8713
5400 3331
5401 7246
5402 2446
5403 4362
5404 7194
5405 6882
5406 743
5407 2382
5408 4459
5409 2845
5410 5434
5411 2162
5412 107
5413 6219
5414 76
5415 4200
5416 6287
5417 7184
5418 3130
5419 1554
5420 2991
5421 7318
5422 3530
5423 7720
5424 5944
5425 8355
5426 6359
5427 1488
5428 2403
5429 612
5430 2342
5431 3899
5432 3199
5433 3584
5434 667
5435 1396
5436 4743
5437 8551
5438 2531
5439 705
5440 9318
5441 1050
5442 9006
5443 4172
5444 9139
5445 6534
5446 9985
5447 7762
5448 8371
5449 7420
5450 6360
5451 8050
5452 8788
5453 4244
5454 8872
5455 140
5456 6929
5457 1881
5458 9214
5459 2403
5460 1578
5461 7643
5462 803
5463 5809
5464 3494
5465 6514
5466 7048
5467 281
5468 5818
5469 2588
5470 6487
5471 2974
5472 1107
5473 3595
5474 8298
5475 8874
5476 8792
5477 8222
5478 5104
5479 9074
5480 2881
5481 8808
5482 5187
5483 466
5484 1791
5485 4823
5486 3537
5487 6759
5488 9615
5489 5153
5490 439
5491 6143
5492 8616
5493 6880
5494 3402
5495 2516
5496 5093
5497 676
5498 6294
5499 1660
5500 5023
5501 18
5502 4485
5503 812
5504 5883
5505 9494
5506 4419
5507 9074
5508 3456
5509 2194
5510 5395
5511 2662
5512 9812
5513 2747
5514 3924
5515 2961
5516 5989
5517 1083
5518 3437
5519 8847
5520 5048
5521 555
5522 8681
5523 4713
5524 5581
5525 7717
5526 1806
5527 9990
5528 7386
5529 1833
5530 4357
5531 1188
5532 5859
5533 6030
5534 984
5535 1935
5536 4059
5537 8359
5538 8752
5539 9917
5540 1592
5541 3781
5542 5856
5543 6245
5544 1364
5545 7296
5546 6142
5547 4302
5548 8363
5549 4788
5550 650
5551 2149
5552 5599
5553 5595
5554 258
5555 5199
5556 4244
5557 8834
5558 5437
5559 8457
5560 9153
5561 220
5562 9327
5563 5320
5564 216
5565 9050
5566 3946
5567 5468
5568 2576
5569 1688
5570 8767
5571 1102
5572 3406
5573 5972
5574 2671
5575 8164
5576 1042
5577 7701
5578 3334
5579 567
5580 3954
5581 2764
5582 3832
5583 9265
5584 5307
5585 4992
5586 2895
5587 8549
5588 9143
5589 1379
5590 7529
5591 7632
5592 5261
5593 6991
5594 2929
5595 8343
5596 1694
5597 2413
5598 1108
5599 4576
5600 8829
5601 9060
5602 180
5603 1480
5604 5394
5605 1653
5606 3399
5607 5640
5608 309
5609 4232
5610 2169
5611 3381
5612 8310
5613 3103
5614 3428
5615 2572
5616 5246
5617 7704
5618 6556
5619 8067
5620 9975
5621 8423
5622 5435
5623 7834
5624 5302
5625 9231
5626 3492
5627 5417
5628 3156
5629 44
5630 6679
5631 1713
5632 7164
5633 4769
5634 1780
5635 7911
5636 111
5637 7001
5638 3627
5639 2001
5640 2562
5641 7481
5642 7099
5643 9517
5644 4293
5645 4344
5646 9678
5647 3917
5648 8549
5649 8392
5650 4812
5651 2035
5652 8963
5653 5715
5654 4514
5655 4424
5656 5024
5657 2570
5658 5879
5659 7667
5660 2984
5661 6327
5662 4763
5663 8441
5664 71
5665 382
5666 2463
5667 3357
5668 480
5669 2613
5670 164
5671 1960
5672 359
5673 319
5674 6614
5675 3767
5676 1483
5677 5386
5678 3392
5679 3902
5680 8484
5681 8413
5682 7096
5683 962
5684 4222
5685 3052
5686 6838
5687 7888
5688 69
5689 5280
5690 599
5691 1665
5692 3380
5693 6269
5694 9824
5695 7034
5696 7777
5697 9158
5698 2141
5699 783
5700 706
5701 2423
5702 4326
5703 4275
5704 3139
5705 2421
5706 1039
5707 8690
5708 6581
5709 3664
5710 8566
5711 3888
5712 9163
5713 2207
5714 5975
5715 5972
5716 764
5717 4079
5718 3835
5719 754
5720 6353
5721 6647
5722 2865
5723 7473
5724 2413
5725 2020
5726 5850
5727 7855
5728 530
5729 5814
5730 9176
5731 3243
5732 2747
5733 2931
5734 6600
5735 1802
5736 3523
5737 1029
5738 4146
5739 5197
5740 379
5741 8645
5742 671
5743 1886
5744 7224
5745 752
5746 8868
5747 1167
5748 4933
5749 1114
5750 2650
5751 3327
5752 1238
5753 5558
5754 6236
5755 2761
5756 1794
5757 5182
5758 3660
5759 5480
5760 1409
5761 5312
5762 6733
5763 1819
5764 4392
5765 2639
5766 9632
5767 8659
5768 9796
5769 7892
5770 5375
5771 8082
5772 5580
5773 2138
5774 5799
5775 3803
5776 3581
5777 7977
5778 466
5779 1914
5780 2024
5781 6162
5782 5814
5783 3833
5784 4217
5785 5801
5786 478
5787 3781
5788 4518
5789 6215
5790 4134
5791 246
5792 9683
5793 199
5794 2554
5795 8492
5796 9283
5797 137
5798 7820
5799 8306
5800 7034
5801 9339
5802 5868
5803 6301
5804 660
5805 9317
5806 7773
5807 6929
5808 8017
5809 1838
5810 8686
5811 4627
5812 8386
5813 7931
5814 2461
5815 5462
5816 9840
5817 4469
5818 4410
5819 6776
5820 2352
5821 6668
5822 6632
5823 2609
5824 1845
5825 999
5826 7641
5827 1936
5828 2300
5829 248
5830 6544
5831 141
5832 4558
5833 829
5834 7389
5835 3566
5836 7588
5837 4923
5838 4866
5839 1457
5840 686
5841 7590
5842 4791
5843 4199
5844 8273
5845 4466
5846 5291
5847 7047
5848 310
5849 8084
5850 923
5851 7044
5852 4230
5853 760
5854 6981
5855 440
5856 658
5857 2864
5858 5544
5859 3759
5860 1881
5861 6506
5862 3916
5863 8773
5864 8062
5865 3183
5866 2995
5867 8650
5868 5878
5869 1815
5870 7793
5871 3144
5872 3298
5873 4303
5874 221
5875 5455
5876 4627
5877 5287
5878 5327
5879 5432
5880 3376
5881 5410
5882 4253
5883 4397
5884 8207
5885 3883
5886 7757
5887 1727
5888 7453
5889 4278
5890 8359
5891 2299
5892 964
5893 5476
5894 1081
5895 2716
5896 2868
5897 5802
5898 9770
5899 3263
5900 1320
5901 513
5902 8340
5903 2027
5904 5450
5905 9850
5906 123
5907 286
5908 9488
5909 3993
5910 5628
5911 1009
5912 7638
5913 5480
5914 6432
5915 1671
5916 4269
5917 2480
5918 8022
5919 4704
5920 4061
5921 70
5922 2528
5923 9224
5924 5219
5925 2684
5926 3497
5927 3412
5928 9317
5929 5784
5930 9672
5931 4517
5932 6414
5933 1105
5934 4825
5935 300
5936 7066
5937 9308
5938 4066
5939 8000
5940 3305
5941 4188
5942 3309
5943 6364
5944 2451
5945 940
5946 1556
5947 6037
5948 2687
5949 7978
5950 919
5951 3202
5952 9428
5953 9233
5954 9113
5955 7798
5956 9396
5957 6377
5958 4172
5959 5121
5960 7120
5961 5523
5962 8875
5963 9735
5964 5317
5965 2511
5966 18
5967 9691
5968 352
5969 4508
5970 5211
5971 9940
5972 2150
5973 847
5974 4533
5975 7464
5976 860
5977 8164
5978 1419
5979 8198
5980 4259
5981 5865
5982 1176
5983 2140
5984 9184
5985 9012
5986 6719
5987 5671
5988 590
5989 2145
5990 8442
5991 6809
5992 2119
5993 1993
5994 7315
5995 8090
5996 2434
5997 114
5998 3688
5999 3244
6000 4053
6001 9260
6002 7882
6003 188
6004 9147
6005 6240
6006 4038
6007 7454
6008 3240
6009 8631
6010 2713
6011 931
6012 5125
6013 4849
6014 2111
6015 9682
6016 904
6017 4246
6018 2761
6019 7217
6020 2026
6021 9507
6022 1002
6023 1056
6024 5430
6025 523
6026 5700
6027 4840
6028 4435
6029 3462
6030 4305
6031 8214
6032 5842
6033 904
6034 4951
6035 1742
6036 332
6037 6015
6038 8180
6039 4662
6040 1663
6041 996
6042 9234
6043 2292
6044 5681
6045 3861
6046 7180
6047 5918
6048 5205
6049 202
6050 5040
6051 9112
6052 5070
6053 1253
6054 8663
6055 8060
6056 2402
6057 4735
6058 1146
6059 4065
6060 9364
6061 3576
6062 2990
6063 4334
6064 13
6065 4604
6066 5906
6067 931
6068 6050
6069 1691
6070 4895
6071 3926
6072 9991
6073 1626
6074 5215
6075 2708
6076 8629
6077 2458
6078 1170
6079 3477
6080 6821
6081 4355
6082 2725
6083 7326
6084 6511
6085 5909
6086 1869
6087 9762
6088 2952
6089 5999
6090 7775
6091 6573
6092 8740
6093 8729
6094 7552
6095 4811
6096 6700
6097 9170
6098 6362
6099 3860
6100 8622
6101 4212
6102 2678
6103 5803
6104 9715
6105 5641
6106 6081
6107 2624
6108 2994
6109 475
6110 9027
6111 6121
6112 5197
6113 9816
6114 4178
6115 4981
6116 6986
6117 5683
6118 8547
6119 4805
6120 5412
6121 439
6122 8708
6123 1369
6124 4967
6125 7818
6126 4171
6127 3693
6128 2380
6129 7680
6130 5415
6131 9136
6132 3335
6133 7597
6134 2700
6135 6768
6136 5674
6137 4433
6138 2120
6139 9800
6140 728
6141 6203
6142 1464
6143 5833
6144 3898
6145 6429
6146 2889
6147 6923
6148 8304
6149 5877
6150 6669
6151 760
6152 7980
6153 1579
6154 9393
6155 975
6156 6879
6157 5850
6158 5987
6159 9358
6160 6547
6161 3335
6162 321
6163 4797
6164 3411
6165 6812
6166 2479
6167 878
6168 2277
6169 134
6170 7677
6171 4190
6172 8140
6173 5030
6174 7992
6175 6676
6176 4357
6177 8526
6178 8011
6179 9107
6180 2926
6181 4443
6182 7032
6183 5407
6184 4853
6185 8880
6186 5962
6187 6849
6188 8747
6189 9094
6190 9701
6191 8753
6192 6533
6193 8931
6194 7742
6195 7204
6196 8558
6197 6454
6198 9018
6199 4563
6200 8010
6201 9814
6202 4045
6203 1921
6204 747
6205 665
6206 4940
6207 2409
6208 5106
6209 5119
6210 1519
6211 7703
6212 3814
6213 5817
6214 7448
6215 1317
6216 5635
6217 6352
6218 2619
6219 1483
6220 5303
6221 9391
6222 1204
6223 3065
6224 7489
6225 634
6226 4382
6227 3097
6228 4810
6229 3871
6230 7604
6231 1481
6232 2527
6233 9121
6234 2555
6235 4305
6236 2186
6237 1493
6238 983
6239 7672
6240 1443
6241 6383
6242 3789
6243 8701
6244 220
6245 7162
6246 4419
6247 9257
6248 4935
6249 8497
6250 5488
6251 6355
6252 127
6253 7835
6254 1478
6255 8521
6256 1692
6257 6029
6258 718
6259 9453
6260 2924
6261 6152
6262 8754
6263 7401
6264 5972
6265 2668
6266 6875
6267 2579
6268 8100
6269 5894
6270 3140
6271 9158
6272 5127
6273 757
6274 1199
6275 9131
6276 9096
6277 5725
6278 3321
6279 1626
6280 6289
6281 642
6282 1505
6283 2472
6284 8507
6285 9920
6286 1752
6287 855
6288 7061
6289 4971
6290 4602
6291 5636
6292 447
6293 4168
6294 5749
6295 6610
6296 6924
6297 5153
6298 4188
6299 7499
6300 5475
6301 3347
6302 475
6303 305
6304 619
6305 6471
6306 5603
6307 863
6308 7779
6309 9621
6310 6845
6311 8873
6312 98
6313 9288
6314 6863
6315 7228
6316 3280
6317 8550
6318 8583
6319 5173
6320 6384
6321 8851
6322 9195
6323 462
6324 5836
6325 8364
6326 3310
6327 9789
6328 4194
6329 791
6330 6475
6331 8295
6332 1554
6333 1202
6334 3943
6335 3866
6336 6923
6337 36
6338 8793
6339 4869
6340 6962
6341 4592
6342 8427
6343 9912
6344 8366
6345 4894
6346 5009
6347 6396
6348 4524
6349 6586
6350 1012
6351 142
6352 2319
6353 865
6354 6971
6355 6033
6356 7178
6357 2277
6358 1487
6359 6110
6360 6176
6361 3573
6362 1573
6363 4627
6364 4413
6365 6600
6366 2814
6367 5752
6368 7794
6369 1857
6370 7135
6371 5839
6372 519
6373 3259
6374 4504
6375 5952
6376 3337
6377 5474
6378 9995
6379 9554
6380 9845
6381 1427
6382 2147
6383 4839
6384 5719
6385 8009
6386 492
6387 7475
6388 7110
6389 3868
6390 6465
6391 702
6392 6387
6393 3047
6394 8298
6395 5631
6396 620
6397 3363
6398 512
6399 1223
6400 9603
6401 9201
6402 5972
6403 9498
6404 5365
6405 90
6406 8233
6407 5954
6408 6657
6409 2397
6410 1171
6411 6284
6412 8167
6413 2461
6414 9662
6415 2735
6416 3409
6417 2567
6418 1084
6419 2121
6420 4344
6421 8382
6422 6870
6423 956
6424 1566
6425 4096
6426 2073
6427 7953
6428 6326
6429 2148
6430 2985
6431 3894
6432 6877
6433 879
6434 8722
6435 9301
6436 8488
6437 1684
6438 6046
6439 6830
6440 5893
6441 6868
6442 9261
6443 355
6444 4955
6445 237
6446 8203
6447 9187
6448 1843
6449 6749
6450 9461
6451 2623
6452 6253
6453 7203
6454 7908
6455 1579
6456 2086
6457 1292
6458 8375
6459 9895
6460 2348
6461 8872
6462 3257
6463 1912
6464 4351
6465 4254
6466 816
6467 8718
6468 9076
6469 1727
6470 3433
6471 5635
6472 5498
6473 8637
6474 1723
6475 1904
6476 2660
6477 4621
6478 1944
6479 1542
6480 2007
6481 2066
6482 15
6483 9044
6484 4159
6485 696
6486 2549
6487 1189
6488 3002
6489 8376
6490 1951
6491 4199
6492 1925
6493 9724
6494 2007
6495 553
6496 9880
6497 8446
6498 3896
6499 2183
6500 449
6501 2429
6502 8759
6503 1182
6504 7248
6505 7191
6506 9968
6507 7243
6508 933
6509 3422
6510 9347
6511 2082
6512 3404
6513 9546
6514 7435
6515 4295
6516 5805
6517 9208
6518 7568
6519 1997
6520 4566
6521 2744
6522 8769
6523 8706
6524 5923
6525 6064
6526 1188
6527 5982
6528 796
6529 6173
6530 462
6531 1267
6532 699
6533 9009
6534 4090
6535 1829
6536 4753
6537 3013
6538 2198
6539 2166
6540 6293
6541 9896
6542 8309
6543 6827
6544 9650
6545 6268
6546 8601
6547 1935
6548 6002
6549 8535
6550 1459
6551 379
6552 7390
6553 5723
6554 9269
6555 249
6556 9698
6557 6600
6558 8193
6559 3049
6560 2958
6561 7217
6562 9320
6563 1477
6564 2059
6565 4685
6566 5882
6567 4723
6568 1849
6569 4567
6570 4379
6571 7258
6572 4700
6573 6459
6574 3009
6575 6524
6576 9171
6577 8765
6578 9004
6579 5377
6580 6496
6581 5520
6582 5039
6583 5819
6584 4321
6585 3035
6586 3937
6587 9876
6588 698
6589 9554
6590 5743
6591 853
6592 7293
6593 4571
6594 4483
6595 8095
6596 2112
6597 3400
6598 8204
6599 9105
6600 273
6601 3459
6602 5269
6603 5662
6604 7944
6605 8189
6606 7460
6607 9737
6608 6485
6609 6759
6610 6252
6611 9093
6612 6406
6613 6076
6614 275
6615 6909
6616 8642
6617 4640
6618 5970
6619 9383
6620 8873
6621 4051
6622 4088
6623 6199
6624 2076
6625 300
6626 9216
6627 9511
6628 5730
6629 4388
6630 513
6631 5593
6632 9279
6633 6200
6634 7317
6635 4387
6636 2292
6637 9954
6638 1968
6639 8012
6640 2803
6641 3260
6642 7426
6643 1683
6644 9574
6645 463
6646 2895
6647 193
6648 9498
6649 3288
6650 1653
6651 9568
6652 2024
6653 8419
6654 9913
6655 647
6656 9147
6657 1956
6658 5041
6659 814
6660 8894
6661 6370
6662 1230
6663 6973
6664 4517
6665 7871
6666 2225
6667 7731
6668 8144
6669 3460
6670 2801
6671 6774
6672 5111
6673 1272
6674 3282
6675 5007
6676 4570
6677 3185
6678 3902
6679 6954
6680 2336
6681 6066
6682 4553
6683 7245
6684 7841
6685 9905
6686 564
6687 9019
6688 8350
6689 2219
6690 8563
6691 2239
6692 9980
6693 5508
6694 7329
6695 864
6696 5100
6697 1995
6698 416
6699 9457
6700 4868
6701 1655
6702 8246
6703 3406
6704 9734
6705 112
6706 1632
6707 9580
6708 5775
6709 3089
6710 1270
6711 1841
6712 2695
6713 9825
6714 6243
6715 711
6716 1447
6717 8396
6718 2596
6719 7297
6720 1036
6721 5749
6722 47
6723 4541
6724 5050
6725 2875
6726 3597
6727 995
6728 2411
6729 4070
6730 4407
6731 5466
6732 7867
6733 8890
6734 2026
6735 3000
6736 6679
6737 8188
6738 5814
6739 1672
6740 5391
6741 7778
6742 5933
6743 5848
6744 5995
6745 9137
6746 2527
6747 2127
6748 9562
6749 6206
6750 7718
6751 1957
6752 4518
6753 394
6754 7012
6755 7847
6756 4374
6757 4585
6758 6423
6759 7056
6760 3002
6761 9593
6762 1257
6763 8529
6764 3739
6765 4641
6766 7270
6767 2635
6768 4643
6769 4957
6770 7903
6771 4007
6772 4210
6773 9750
6774 1390
6775 1281
6776 4289
6777 9971
6778 7897
6779 6942
6780 645
6781 6252
6782 7758
6783 2196
6784 6939
6785 9958
6786 8066
6787 2990
6788 9958
6789 7460
6790 9684
6791 31
6792 2334
6793 9161
6794 9209
6795 7002
6796 6790
6797 4141
6798 5213
6799 4869
6800 7964
6801 3697
6802 7044
6803 1409
6804 2583
6805 5723
6806 7815
6807 7200
6808 1769
6809 9209
6810 7749
6811 6774
6812 8512
6813 2379
6814 4615
6815 8900
6816 2047
6817 1830
6818 7564
6819 640
6820 3368
6821 102
6822 9021
6823 3198
6824 8628
6825 456
6826 6513
6827 8843
6828 6201
6829 3720
6830 6180
6831 7789
6832 991
6833 5424
6834 1849
6835 6463
6836 9360
6837 3124
6838 1196
6839 8815
6840 1962
6841 4789
6842 8314
6843 7682
6844 858
6845 2262
6846 4204
6847 8856
6848 860
6849 3706
6850 8642
6851 2489
6852 1462
6853 7205
6854 4341
6855 4706
6856 3749
6857 2006
6858 4905
6859 3302
6860 6040
6861 6321
6862 9323
6863 8138
6864 8317
6865 7938
6866 770
6867 2193
6868 7348
6869 6944
6870 2074
6871 585
6872 5397
6873 4818
6874 6028
6875 5100
6876 8242
6877 4004
6878 4241
6879 3082
6880 8859
6881 1912
6882 6834
6883 9603
6884 7207
6885 6087
6886 3501
6887 3934
6888 5089
6889 1005
6890 7943
6891 7426
6892 8282
6893 5156
6894 3165
6895 9562
6896 8231
6897 6367
6898 5039
6899 5517
6900 5398
6901 3689
6902 1837
6903 2823
6904 702
6905 3220
6906 9952
6907 2954
6908 6662
6909 1185
6910 8597
6911 7638
6912 776
6913 9333
6914 9168
6915 3551
6916 922
6917 640
6918 8274
6919 9864
6920 4548
6921 9531
6922 469
6923 1421
6924 6411
6925 6791
6926 7126
6927 5919
6928 3046
6929 3355
6930 4163
6931 2941
6932 3267
6933 2733
6934 3765
6935 8249
6936 1057
6937 8322
6938 3936
6939 3835
6940 8205
6941 7735
6942 1591
6943 7113
6944 9280
6945 6329
6946 5243
6947 5034
6948 6875
6949 6287
6950 1363
6951 4842
6952 6086
6953 9920
6954 9437
6955 214
6956 251
6957 549
6958 164
6959 1364
6960 5230
6961 9790
6962 1853
6963 9201
6964 6625
6965 2576
6966 3890
6967 9203
6968 5961
6969 5898
6970 9339
6971 167
6972 6974
6973 8763
6974 3749
6975 3607
6976 6443
6977 540
6978 9879
6979 9835
6980 5458
6981 9041
6982 9945
6983 8469
6984 3491
6985 8295
6986 9379
6987 2890
6988 3134
6989 5538
6990 7418
6991 5736
6992 1687
6993 6233
6994 3180
6995 2355
6996 3019
6997 8279
6998 7381
6999 5475
7000 68
7001 416
7002 4711
7003 110
7004 5533
7005 142
7006 9206
7007 1345
7008 7163
7009 5624
7010 5992
7011 7560
7012 7366
7013 752
7014 3531
7015 8319
7016 4588
7017 595
7018 6538
7019 1811
7020 3573
7021 5234
7022 5259
7023 2793
7024 6526
7025 584
7026 5892
7027 3390
7028 8161
7029 2101
7030 9702
7031 1695
7032 9518
7033 9978
7034 4150
7035 8553
7036 8879
7037 5079
7038 5887
7039 7900
7040 9922
7041 3699
7042 1956
7043 995
7044 4745
7045 8528
7046 4955
7047 6533
7048 7967
7049 8799
7050 2070
7051 8
7052 8440
7053 6703
7054 9331
7055 9530
7056 305
7057 1568
7058 9979
7059 8461
7060 147
7061 9929
7062 8251
7063 2751
7064 8080
7065 3949
7066 4023
7067 7189
7068 9504
7069 6979
7070 641
7071 7768
7072 8503
7073 8241
7074 6740
7075 1483
7076 3110
7077 5988
7078 2625
7079 9472
7080 7299
7081 1076
7082 5363
7083 3103
7084 213
7085 5105
7086 4999
7087 9479
7088 8246
7089 2804
7090 5990
7091 4896
7092 2974
7093 3297
7094 892
7095 4684
7096 4660
7097 3440
7098 4517
7099 2636
7100 7367
7101 1115
7102 6462
7103 6383
7104 3929
7105 8215
7106 378
7107 6435
7108 7828
7109 5087
7110 2927
7111 1485
7112 6454
7113 9859
7114 1243
7115 1851
7116 3825
7117 5221
7118 1779
7119 3813
7120 8913
7121 3002
7122 2373
7123 5641
7124 7006
7125 4873
7126 6792
7127 4094
7128 2238
7129 4822
7130 1065
7131 1838
7132 1554
7133 213
7134 4856
7135 3048
7136 8925
7137 7300
7138 5198
7139 6355
7140 3323
7141 3804
7142 6557
7143 3204
7144 1840
7145 6175
7146 5355
7147 2604
7148 5542
7149 5743
7150 1638
7151 6440
7152 2249
7153 8039
7154 2139
7155 4962
7156 458
7157 4126
7158 3254
7159 77
7160 5790
7161 7805
7162 6841
7163 6466
7164 3910
7165 5303
7166 2883
7167 5805
7168 9618
7169 5328
7170 5951
7171 905
7172 5963
7173 4069
7174 6370
7175 4244
7176 2820
7177 2612
7178 9064
7179 432
7180 3343
7181 5168
7182 1354
7183 1128
7184 6833
7185 5318
7186 9926
7187 8475
7188 8222
7189 8212
7190 9140
7191 1228
7192 6937
7193 3097
7194 3458
7195 7614
7196 3973
7197 722
7198 8329
7199 3378
7200 4374
7201 3224
7202 8105
7203 667
7204 7659
7205 6552
7206 4493
7207 8934
7208 9196
7209 9842
7210 7890
7211 6663
7212 7472
7213 9919
7214 4287
7215 6660
7216 8679
7217 4608
7218 5448
7219 2270
7220 5010
7221 7943
7222 3402
7223 8341
7224 1334
7225 554
7226 9345
7227 3264
7228 6544
7229 8871
7230 9791
7231 7150
7232 6661
7233 9252
7234 673
7235 271
7236 8266
7237 4239
7238 9153
7239 849
7240 9977
7241 4532
7242 2913
7243 6469
7244 9069
7245 45
7246 2053
7247 9731
7248 7999
7249 4504
7250 9525
7251 9356
7252 5149
7253 596
7254 5897
7255 5238
7256 7973
7257 1165
7258 9747
7259 8058
7260 8381
7261 7481
7262 8660
7263 9546
7264 7538
7265 5217
7266 6998
7267 7186
7268 2958
7269 5014
7270 5709
7271 4396
7272 164
7273 6955
7274 4974
7275 1574
7276 7032
7277 2620
7278 2854
7279 7431
7280 5808
7281 7987
7282 4761
7283 225
7284 5384
7285 7733
7286 5045
7287 1169
7288 1922
7289 1320
7290 4094
7291 6013
7292 7967
7293 9551
7294 1302
7295 5081
7296 8827
7297 1073
7298 9113
7299 4632
7300 3910
7301 5812
7302 6140
7303 1935
7304 5101
7305 2692
7306 8051
7307 5004
7308 3565
7309 4280
7310 650
7311 3544
7312 9539
7313 8479
7314 4554
7315 672
7316 162
7317 2895
7318 3997
7319 708
7320 3088
7321 677
7322 8507
7323 8921
7324 9673
7325 2949
7326 2117
7327 5561
7328 2296
7329 1093
7330 1657
7331 2405
7332 1114
7333 5397
7334 4256
7335 2001
7336 5451
7337 9488
7338 2954
7339 7911
7340 3741
7341 1739
7342 3037
7343 6156
7344 9325
7345 6626
7346 5479
7347 19
7348 5566
7349 4243
7350 7566
7351 7161
7352 502
7353 7583
7354 8928
7355 6469
7356 5423
7357 7001
7358 1810
7359 9035
7360 9435
7361 1308
7362 6411
7363 4180
7364 693
7365 884
7366 8094
7367 3131
7368 7348
7369 6909
7370 5401
7371 287
7372 853
7373 8221
7374 2919
7375 3303
7376 6133
7377 5281
7378 5590
7379 7190
7380 4191
7381 5856
7382 7286
7383 6897
7384 9179
7385 8050
7386 1513
7387 834
7388 1642
7389 4240
7390 6321
7391 7975
7392 2551
7393 5433
7394 3168
7395 8924
7396 6212
7397 247
7398 6369
7399 4841
7400 319
7401 7519
7402 7821
7403 1937
7404 5175
7405 5011
7406 8561
7407 2832
7408 1763
7409 3999
7410 3702
7411 8195
7412 8589
7413 8779
7414 4622
7415 8685
7416 3432
7417 5709
7418 1837
7419 1242
7420 5948
7421 5428
7422 9332
7423 9745
7424 1379
7425 2503
7426 1474
7427 5027
7428 2546
7429 2142
7430 41
7431 7204
7432 697
7433 2453
7434 3875
7435 1604
7436 5893
7437 8831
7438 985
7439 1447
7440 4245
7441 6330
7442 3014
7443 9516
7444 1364
7445 5992
7446 6612
7447 6098
7448 8849
7449 9280
7450 5281
7451 687
7452 8
7453 4014
7454 424
7455 6019
7456 8375
7457 9647
7458 8968
7459 7088
7460 8431
7461 9628
7462 8315
7463 9950
7464 373
7465 6114
7466 7435
7467 908
7468 6542
7469 1604
7470 7139
7471 9735
7472 2550
7473 4877
7474 1530
7475 909
7476 8922
7477 2728
7478 8818
7479 8867
7480 7812
7481 3911
7482 6383
7483 2888
7484 5959
7485 6960
7486 526
7487 7397
7488 7887
7489 4070
7490 1956
7491 9895
7492 9122
7493 6710
7494 1714
7495 5518
7496 490
7497 7916
7498 541
7499 4596
7500 1132
7501 9648
7502 1303
7503 4217
7504 7468
7505 5271
7506 8369
7507 7843
7508 1263
7509 2745
7510 7573
7511 1465
7512 136
7513 3852
7514 4978
7515 6370
7516 776
7517 9876
7518 9708
7519 4083
7520 4624
7521 8149
7522 1726
7523 6761
7524 8003
7525 8341
7526 1162
7527 4986
7528 9833
7529 694
7530 4572
7531 744
7532 5152
7533 4122
7534 3667
7535 1996
7536 1986
7537 645
7538 859
7539 218
7540 3980
7541 2585
7542 8591
7543 3861
7544 5346
7545 2190
7546 1386
7547 1889
7548 7972
7549 5735
7550 2014
7551 868
7552 3484
7553 937
7554 2485
7555 625
7556 6437
7557 1636
7558 3358
7559 5697
7560 3926
7561 4771
7562 6981
7563 1949
7564 3062
7565 1446
7566 8383
7567 7456
7568 7368
7569 534
7570 4397
7571 7155
7572 2837
7573 1641
7574 4134
7575 6133
7576 6466
7577 5126
7578 1852
7579 2907
7580 2276
7581 9450
7582 6171
7583 4007
7584 1681
7585 3759
7586 1101
7587 151
7588 681
7589 6857
7590 8678
7591 5260
7592 3133
7593 8879
7594 2584
7595 7755
7596 3033
7597 1508
7598 9675
7599 3753
7600 3438
7601 4898
7602 8735
7603 2069
7604 7050
7605 3870
7606 4753
7607 9357
7608 1631
7609 1227
7610 8007
7611 4125
7612 7827
7613 6018
7614 6897
7615 74
7616 1346
7617 9610
7618 8102
7619 6579
7620 6823
7621 4137
7622 9243
7623 3963
7624 7212
7625 5714
7626 5956
7627 6089
7628 7639
7629 8278
7630 5809
7631 9963
7632 242
7633 8361
7634 1917
7635 2078
7636 1423
7637 5435
7638 8860
7639 6699
7640 2603
7641 1633
7642 456
7643 3059
7644 498
7645 5444
7646 3394
7647 50
7648 418
7649 6366
7650 463
7651 353
7652 9243
7653 7835
7654 6149
7655 6803
7656 3367
7657 366
7658 9184
7659 1276
7660 6017
7661 3038
7662 7204
7663 5898
7664 9733
7665 8461
7666 5978
7667 7795
7668 4640
7669 7264
7670 4877
7671 4618
7672 192
7673 2639
7674 7806
7675 600
7676 3150
7677 6665
7678 9915
7679 6444
7680 8485
7681 3336
7682 1668
7683 9242
7684 9302
7685 9209
7686 7796
7687 4953
7688 9750
7689 133
7690 6003
7691 1054
7692 8363
7693 9218
7694 4318
7695 6196
7696 4576
7697 8724
7698 7866
7699 2513
7700 6788
7701 8689
7702 6946
7703 5292
7704 4390
7705 3708
7706 9025
7707 7115
7708 6579
7709 5289
7710 2028
7711 3670
7712 6891
7713 9423
7714 1871
7715 1853
7716 4612
7717 2379
7718 7092
7719 9530
7720 8890
7721 3861
7722 5243
7723 4100
7724 3790
7725 6126
7726 7563
7727 3236
7728 7077
7729 6570
7730 8457
7731 714
7732 1753
7733 4799
7734 3595
7735 6084
7736 9612
7737 2061
7738 6710
7739 2683
7740 2931
7741 2950
7742 6778
7743 4158
7744 9305
7745 8471
7746 6102
7747 3844
7748 1166
7749 5870
7750 1121
7751 4887
7752 9327
7753 1596
7754 7714
7755 3520
7756 4317
7757 406
7758 9641
7759 4451
7760 4275
7761 4085
7762 9836
7763 3757
7764 6585
7765 5538
7766 4177
7767 2138
7768 3066
7769 3752
7770 7734
7771 9205
7772 5975
7773 5267
7774 2608
7775 7374
7776 9387
7777 2573
7778 1561
7779 6499
7780 5423
7781 1626
7782 1432
7783 6811
7784 9024
7785 3509
7786 4576
7787 9717
7788 6738
7789 9245
7790 4077
7791 660
7792 0
7793 806
7794 1659
7795 90
7796 6180
7797 915
7798 2169
7799 1642
7800 7567
7801 2447
7802 7747
7803 669
7804 5994
7805 3812
7806 880
7807 5719
7808 8087
7809 8118
7810 9339
7811 24
7812 909
7813 9563
7814 659
7815 9565
7816 2559
7817 9343
7818 6876
7819 5268
7820 5839
7821 8342
7822 2341
7823 3733
7824 7995
7825 1273
7826 1543
7827 3659
7828 6532
7829 3980
7830 3451
7831 4598
7832 4247
7833 608
7834 622
7835 8319
7836 8419
7837 5111
7838 5083
7839 8691
7840 4756
7841 5523
7842 6868
7843 6301
7844 8253
7845 2964
7846 1390
7847 570
7848 789
7849 3113
7850 7616
7851 7301
7852 1426
7853 1284
7854 7395
7855 9288
7856 5306
7857 8845
7858 5406
7859 1492
7860 3896
7861 5100
7862 8216
7863 7060
7864 9413
7865 4194
7866 5085
7867 3141
7868 2834
7869 7264
7870 7223
7871 6388
7872 62
7873 5770
7874 7305
7875 569
7876 307
7877 2424
7878 3800
7879 969
7880 2577
7881 5076
7882 9804
7883 3636
7884 3903
7885 8746
7886 2857
7887 2660
7888 6240
7889 3455
7890 6018
7891 4046
7892 8003
7893 4889
7894 723
7895 79
7896 10
7897 4114
7898 1912
7899 715
7900 6240
7901 7646
7902 6175
7903 9189
7904 2485
7905 844
7906 6760
7907 6107
7908 5580
7909 10
7910 5026
7911 5601
7912 4837
7913 4207
7914 5315
7915 9807
7916 2498
7917 4792
7918 3143
7919 2990
7920 6435
7921 7644
7922 3074
7923 5842
7924 2566
7925 9547
7926 1033
7927 7245
7928 9796
7929 2892
7930 96
7931 2403
7932 7439
7933 6034
7934 8259
7935 5156
7936 9125
7937 1956
7938 1252
7939 7106
7940 4914
7941 1839
7942 1240
7943 9461
7944 6578
7945 392
7946 1018
7947 9588
7948 6904
7949 8454
7950 8224
7951 1321
7952 5542
7953 5733
7954 1002
7955 7295
7956 2186
7957 283
7958 5904
7959 8774
7960 4604
7961 3340
7962 1099
7963 2365
7964 8907
7965 9508
7966 1693
7967 5388
7968 9658
7969 3759
7970 5487
7971 3664
7972 8788
7973 1505
7974 8551
7975 5352
7976 9108
7977 4168
7978 624
7979 2674
7980 9482
7981 8626
7982 1502
7983 2663
7984 295
7985 1250
7986 6152
7987 1522
7988 7084
7989 5050
7990 6513
7991 4221
7992 8182
7993 1756
7994 8039
7995 8723
7996 4328
7997 9457
7998 5158
7999 1187
8000 9667
8001 8313
8002 2274
8003 1628
8004 2883
8005 5251
8006 1861
8007 984
8008 8703
8009 7420
8010 7186
8011 8726
8012 2782
8013 3784
8014 9826
8015 4660
8016 5025
8017 4515
8018 9128
8019 1841
8020 5614
8021 3208
8022 7378
8023 7799
8024 7249
8025 5583
8026 9330
8027 2112
8028 3783
8029 5025
8030 8992
8031 5562
8032 5413
8033 8904
8034 1247
8035 2663
8036 1709
8037 6611
8038 9422
8039 2015
8040 83
8041 9739
8042 9910
8043 7723
8044 1122
8045 8703
8046 9570
8047 89
8048 3578
8049 23
8050 6501
8051 9190
8052 7651
8053 9181
8054 5096
8055 1262
8056 1122
8057 9162
8058 4339
8059 34
8060 7347
8061 8637
8062 6485
8063 7354
8064 4541
8065 4865
8066 8084
8067 787
8068 1662
8069 3147
8070 3243
8071 2178
8072 9357
8073 7441
8074 8970
8075 6786
8076 6467
8077 6519
8078 4297
8079 6002
8080 7820
8081 5123
8082 786
8083 8246
8084 4936
8085 4014
8086 9653
8087 8370
8088 515
8089 3862
8090 758
8091 2660
8092 9723
8093 8082
8094 3223
8095 8121
8096 3713
8097 7977
8098 2413
8099 6509
8100 7089
8101 1865
8102 2143
8103 5781
8104 3163
8105 8282
8106 4673
8107 596
8108 8600
8109 3375
8110 8322
8111 8006
8112 3888
8113 6470
8114 4203
8115 9624
8116 362
8117 4406
8118 1126
8119 7838
8120 1105
8121 1673
8122 9888
8123 4078
8124 6112
8125 5345
8126 241
8127 3579
8128 9601
8129 819
8130 1292
8131 6149
8132 4624
8133 3267
8134 5771
8135 8948
8136 1251
8137 4928
8138 1908
8139 1183
8140 9305
8141 7065
8142 5693
8143 8037
8144 4751
8145 1973
8146 2092
8147 3561
8148 8460
8149 8586
8150 6793
8151 6597
8152 5989
8153 1678
8154 5108
8155 5515
8156 4344
8157 2968
8158 7988
8159 7435
8160 2368
8161 570
8162 3987
8163 2281
8164 8641
8165 6620
8166 6191
8167 1584
8168 4059
8169 9216
8170 5337
8171 4583
8172 8876
8173 3167
8174 5137
8175 2295
8176 5295
8177 4978
8178 1652
8179 3841
8180 8170
8181 4051
8182 1709
8183 8172
8184 7846
8185 3387
8186 6107
8187 4598
8188 9950
8189 2684
8190 7310
8191 2397
8192 2491
8193 9510
8194 1054
8195 3825
8196 8927
8197 8155
8198 9831
8199 8512
8200 7501
8201 3406
8202 9734
8203 7560
8204 9597
8205 6485
8206 4065
8207 763
8208 5719
8209 7198
8210 5908
8211 6954
8212 2979
8213 5689
8214 5710
8215 6804
8216 1711
8217 3358
8218 1848
8219 8276
8220 3314
8221 567
8222 7223
8223 4542
8224 6861
8225 2926
8226 3439
8227 6102
8228 6480
8229 9382
8230 6146
8231 2722
8232 8526
8233 5373
8234 7222
8235 8907
8236 865
8237 6136
8238 8525
8239 2043
8240 5053
8241 5465
8242 5771
8243 847
8244 105
8245 2615
8246 346
8247 7577
8248 2266
8249 9880
8250 6245
8251 6881
8252 9018
8253 3823
8254 1840
8255 4300
8256 5912
8257 1700
8258 2599
8259 3143
8260 4106
8261 5688
8262 607
8263 2857
8264 8029
8265 1010
8266 4382
8267 5142
8268 9196
8269 466
8270 3833
8271 8726
8272 3160
8273 3432
8274 5186
8275 5278
8276 1634
8277 5330
8278 2324
8279 8655
8280 2457
8281 4814
8282 5653
8283 8068
8284 6130
8285 2098
8286 4248
8287 6023
8288 1295
8289 9193
8290 5851
8291 6072
8292 492
8293 4799
8294 613
8295 493
8296 5417
8297 686
8298 4443
8299 5327
8300 3381
8301 6957
8302 4610
8303 3278
8304 7747
8305 1160
8306 8779
8307 8483
8308 4775
8309 8383
8310 1867
8311 5823
8312 1014
8313 9608
8314 2807
8315 4140
8316 554
8317 2207
8318 8434
8319 203
8320 988
8321 4146
8322 4855
8323 7701
8324 1486
8325 8894
8326 3618
8327 6375
8328 4025
8329 1811
8330 2477
8331 8055
8332 8278
8333 5558
8334 5449
8335 3771
8336 5439
8337 1361
8338 7040
8339 3888
8340 4676
8341 5750
8342 9442
8343 8908
8344 2746
8345 7828
8346 9185
8347 47
8348 9721
8349 9706
8350 6052
8351 3715
8352 5043
8353 7934
8354 8238
8355 9747
8356 9844
8357 7729
8358 4952
8359 1728
8360 3281
8361 4472
8362 7336
8363 4308
8364 9100
8365 5179
8366 4466
8367 4374
8368 3679
8369 226
8370 2367
8371 8326
8372 8400
8373 4182
8374 3152
8375 9091
8376 5567
8377 2205
8378 4478
8379 9273
8380 1245
8381 6621
8382 233
8383 3181
8384 5351
8385 4237
8386 6391
8387 6151
8388 9789
8389 1884
8390 5474
8391 6985
8392 3821
8393 7462
8394 3471
8395 9857
8396 5449
8397 9746
8398 5419
8399 8452
8400 1764
8401 9637
8402 2974
8403 771
8404 3095
8405 699
8406 2151
8407 3108
8408 8910
8409 6595
8410 2776
8411 3376
8412 3300
8413 2764
8414 1832
8415 962
8416 429
8417 189
8418 8381
8419 3020
8420 6028
8421 9957
8422 7249
8423 7284
8424 4421
8425 8012
8426 3569
8427 5558
8428 2114
8429 3412
8430 5945
8431 3722
8432 1321
8433 9483
8434 8563
8435 1111
8436 4908
8437 4291
8438 3113
8439 4674
8440 6376
8441 1732
8442 7491
8443 5777
8444 4444
8445 4909
8446 2960
8447 107
8448 8126
8449 5113
8450 2392
8451 6574
8452 1908
8453 477
8454 9795
8455 589
8456 7749
8457 933
8458 3756
8459 2321
8460 2556
8461 5463
8462 9276
8463 751
8464 690
8465 7233
8466 1775
8467 1407
8468 6487
8469 8632
8470 5545
8471 3978
8472 4341
8473 7566
8474 4548
8475 5498
8476 4344
8477 1139
8478 2901
8479 2812
8480 3224
8481 8903
8482 9511
8483 62
8484 8976
8485 5933
8486 1194
8487 955
8488 1754
8489 9229
8490 614
8491 2988
8492 9677
8493 1813
8494 2983
8495 7022
8496 6983
8497 5842
8498 3480
8499 1650
8500 6550
8501 6352
8502 134
8503 9508
8504 8744
8505 449
8506 1579
8507 2143
8508 406
8509 511
8510 5316
8511 5807
8512 5360
8513 7360
8514 6487
8515 2485
8516 2197
8517 4153
8518 6336
8519 7060
8520 6584
8521 2539
8522 1726
8523 3757
8524 5204
8525 6985
8526 2137
8527 6154
8528 2805
8529 7992
8530 791
8531 1694
8532 8074
8533 6355
8534 9367
8535 3498
8536 7575
8537 2493
8538 1691
8539 4403
8540 8664
8541 8063
8542 8607
8543 2527
8544 8553
8545 3223
8546 9124
8547 1198
8548 8682
8549 9972
8550 8988
8551 8278
8552 2940
8553 4807
8554 284
8555 2760
8556 6725
8557 5651
8558 5548
8559 3847
8560 1636
8561 4156
8562 1773
8563 6614
8564 3648
8565 7541
8566 3462
8567 1289
8568 2878
8569 4226
8570 7194
8571 7766
8572 9637
8573 3224
8574 8617
8575 5091
8576 5400
8577 9574
8578 5679
8579 1872
8580 8059
8581 5513
8582 5715
8583 85
8584 834
8585 4943
8586 2925
8587 1940
8588 7311
8589 5392
8590 2180
8591 1224
8592 7176
8593 4695
8594 5892
8595 5230
8596 8228
8597 8911
8598 6587
8599 3188
8600 6075
8601 3172
8602 2352
8603 6017
8604 9406
8605 7599
8606 2779
8607 7276
8608 5973
8609 560
8610 210
8611 160
8612 8163
8613 977
8614 5408
8615 2349
8616 6060
8617 2423
8618 1029
8619 7122
8620 7551
8621 3202
8622 6206
8623 1189
8624 8079
8625 542
8626 9127
8627 9794
8628 1492
8629 6417
8630 6442
8631 3929
8632 9596
8633 1319
8634 8958
8635 7446
8636 9979
8637 7104
8638 8019
8639 4519
8640 4352
8641 5196
8642 5806
8643 3713
8644 7523
8645 9815
8646 3609
8647 3698
8648 5835
8649 3198
8650 6817
8651 1563
8652 2941
8653 9940
8654 1695
8655 5675
8656 6194
8657 6684
8658 4818
8659 6392
8660 7061
8661 7480
8662 5353
8663 6758
8664 2968
8665 6055
8666 4906
8667 6562
8668 1157
8669 5376
8670 3112
8671 2246
8672 2139
8673 1744
8674 4386
8675 6473
8676 3153
8677 288
8678 9145
8679 2029
8680 4570
8681 9986
8682 6751
8683 5835
8684 5088
8685 3971
8686 5269
8687 5785
8688 4626
8689 8973
8690 919
8691 7422
8692 4366
8693 8355
8694 7113
8695 5409
8696 8221
8697 1216
8698 1746
8699 6137
8700 7814
8701 9901
8702 2
8703 8306
8704 7567
8705 954
8706 6938
8707 7556
8708 2033
8709 1266
8710 979
8711 8542
8712 9909
8713 7077
8714 1161
8715 6213
8716 3746
8717 3196
8718 3599
8719 8942
8720 4016
8721 2961
8722 8197
8723 5725
8724 1461
8725 4613
8726 1873
8727 5039
8728 5438
8729 4923
8730 3061
8731 3957
8732 2428
8733 8311
8734 9388
8735 8647
8736 319
8737 1392
8738 5869
8739 4118
8740 2432
8741 3482
8742 6794
8743 3484
8744 7330
8745 1295
8746 4150
8747 4021
8748 1715
8749 8296
8750 7214
8751 5008
8752 8065
8753 3953
8754 5592
8755 1965
8756 1172
8757 8026
8758 5638
8759 1591
8760 4865
8761 1655
8762 1447
8763 9051
8764 7830
8765 9412
8766 1032
8767 6214
8768 6099
8769 6730
8770 8906
8771 8284
8772 2528
8773 6748
8774 7999
8775 7619
8776 3155
8777 3987
8778 8797
8779 3398
8780 7561
8781 124
8782 7220
8783 6148
8784 5190
8785 6992
8786 7845
8787 8525
8788 1111
8789 1543
8790 2110
8791 8832
8792 6253
8793 6380
8794 2536
8795 1902
8796 2830
8797 7686
8798 4922
8799 3994
8800 8775
8801 6196
8802 5989
8803 1927
8804 7890
8805 660
8806 5865
8807 9012
8808 7068
8809 9820
8810 2240
8811 5817
8812 9807
8813 6786
8814 2855
8815 7963
8816 3611
8817 4933
8818 3824
8819 7662
8820 5970
8821 6232
8822 4720
8823 3497
8824 9982
8825 5114
8826 1250
8827 1906
8828 2884
8829 7495
8830 75
8831 93
8832 7663
8833 4112
8834 4002
8835 1353
8836 3908
8837 1939
8838 7922
8839 5974
8840 8514
8841 5474
8842 1969
8843 5120
8844 2812
8845 562
8846 5711
8847 4927
8848 5243
8849 9675
8850 3395
8851 7167
8852 9983
8853 7982
8854 262
8855 1909
8856 3981
8857 109
8858 7627
8859 1426
8860 9523
8861 6860
8862 7913
8863 7084
8864 790
8865 1737
8866 6119
8867 5510
8868 4207
8869 6228
8870 6318
8871 338
8872 9016
8873 3969
8874 3295
8875 1682
8876 3462
8877 3048
8878 8437
8879 908
8880 1689
8881 3139
8882 8480
8883 7521
8884 6094
8885 5731
8886 4180
8887 8429
8888 8762
8889 7235
8890 2129
8891 6075
8892 712
8893 8127
8894 3533
8895 2824
8896 8302
8897 7933
8898 533
8899 9153
8900 1491
8901 8867
8902 5563
8903 2191
8904 9680
8905 662
8906 920
8907 6262
8908 1752
8909 426
8910 8347
8911 6528
8912 4819
8913 2604
8914 4538
8915 7467
8916 1286
8917 4054
8918 4591
8919 8012
8920 8550
8921 4547
8922 625
8923 67
8924 6476
8925 5605
8926 6768
8927 804
8928 4262
8929 5980
8930 5263
8931 2300
8932 3720
8933 402
8934 7260
8935 2459
8936 6112
8937 6151
8938 6559
8939 7977
8940 7237
8941 6918
8942 8253
8943 8308
8944 7306
8945 7566
8946 5550
8947 4996
8948 3119
8949 3394
8950 4120
8951 4592
8952 2551
8953 8487
8954 1681
8955 3924
8956 706
8957 4145
8958 8196
8959 952
8960 1196
8961 2295
8962 7067
8963 6490
8964 4601
8965 1948
8966 5622
8967 1547
8968 2820
8969 2950
8970 9500
8971 327
8972 4322
8973 5728
8974 5562
8975 633
8976 3238
8977 59
8978 9066
8979 3639
8980 1181
8981 8521
8982 6352
8983 9628
8984 8591
8985 2776
8986 5505
8987 1437
8988 9183
8989 7750
8990 4649
8991 2578
8992 6248
8993 5697
8994 5350
8995 9979
8996 5379
8997 1745
8998 1889
8999 5804
9000 7862
9001 1911
9002 7773
9003 6324
9004 1242
9005 5114
9006 5878
9007 7814
9008 724
9009 4509
9010 4114
9011 2675
9012 2002
9013 4094
9014 172
9015 5743
9016 8216
9017 989
9018 5575
9019 59
9020 3822
9021 3811
9022 8557
9023 8521
9024 7417
9025 7262
9026 3804
9027 8675
9028 8669
9029 6884
9030 8523
9031 4152
9032 3375
9033 202
9034 7734
9035 1181
9036 4052
9037 9055
9038 51
9039 6940
9040 7878
9041 4138
9042 4059
9043 7529
9044 7074
9045 9320
9046 7330
9047 4987
9048 7763
9049 1994
9050 6885
9051 5640
9052 1778
9053 4452
9054 52
9055 4773
9056 1135
9057 607
9058 1222
9059 900
9060 8978
9061 1747
9062 6432
9063 386
9064 8862
9065 7937
9066 8243
9067 6682
9068 6342
9069 7923
9070 6654
9071 2234
9072 4864
9073 6398
9074 4539
9075 4943
9076 4789
9077 6802
9078 6355
9079 809
9080 8098
9081 747
9082 2642
9083 564
9084 702
9085 758
9086 1827
9087 5572
9088 5967
9089 1341
9090 1041
9091 1532
9092 3580
9093 9863
9094 446
9095 1915
9096 8328
9097 8703
9098 7290
9099 672
9100 369
9101 7428
9102 2073
9103 3141
9104 4223
9105 219
9106 1716
9107 7246
9108 496
9109 9677
9110 713
9111 7842
9112 9533
9113 1830
9114 7335
9115 9149
9116 7063
9117 6944
9118 3658
9119 7055
9120 8469
9121 4841
9122 2062
9123 3255
9124 5813
9125 8253
9126 2620
9127 8703
9128 4139
9129 9696
9130 169
9131 8583
9132 6570
9133 1549
9134 4916
9135 2162
9136 3533
9137 5699
9138 9280
9139 5401
9140 4507
9141 9282
9142 3612
9143 8679
9144 5473
9145 9544
9146 1062
9147 3760
9148 3467
9149 9386
9150 602
9151 1665
9152 6061
9153 4107
9154 6421
9155 8443
9156 4871
9157 267
9158 7939
9159 4662
9160 2607
9161 9183
9162 2733
9163 4539
9164 9094
9165 8279
9166 7580
9167 9299
9168 8123
9169 1417
9170 3060
9171 4333
9172 8159
9173 8439
9174 4845
9175 9734
9176 6107
9177 8885
9178 5016
9179 6108
9180 5694
9181 9236
9182 9398
9183 3208
9184 8590
9185 5810
9186 3700
9187 5889
9188 8257
9189 9347
9190 8870
9191 63
9192 3350
9193 1883
9194 8163
9195 2645
9196 3555
9197 9845
9198 8533
9199 2579
9200 2166
9201 9588
9202 5984
9203 2986
9204 8162
9205 93
9206 2106
9207 8649
9208 6207
9209 2113
9210 1758
9211 2477
9212 118
9213 7728
9214 4003
9215 7322
9216 1641
9217 5916
9218 4937
9219 134
9220 9610
9221 2463
9222 626
9223 4593
9224 1513
9225 801
9226 6746
9227 5258
9228 7336
9229 236
9230 9104
9231 9969
9232 2494
9233 7641
9234 1779
9235 6961
9236 2274
9237 54
9238 9102
9239 4049
9240 9521
9241 504
9242 8523
9243 1994
9244 227
9245 754
9246 3973
9247 6291
9248 5101
9249 3143
9250 9023
9251 6496
9252 5626
9253 7007
9254 8695
9255 5027
9256 3573
9257 7610
9258 9015
9259 6675
9260 191
9261 7813
9262 1835
9263 2348
9264 8046
9265 6318
9266 929
9267 7662
9268 2520
9269 2379
9270 1665
9271 4704
9272 8099
9273 4610
9274 276
9275 6039
9276 8912
9277 2226
9278 5389
9279 36
9280 81
9281 9670
9282 1039
9283 1455
9284 4705
9285 5600
9286 5838
9287 1485
9288 460
9289 389
9290 285
9291 4920
9292 9129
9293 2439
9294 6865
9295 5333
9296 8708
9297 138
9298 5389
9299 4419
9300 868
9301 4466
9302 2057
9303 9209
9304 2681
9305 278
9306 4867
9307 7382
9308 4013
9309 5154
9310 5721
9311 9239
9312 988
9313 8077
9314 4650
9315 8512
9316 7865
9317 1141
9318 5663
9319 8527
9320 8683
9321 6532
9322 3825
9323 5855
9324 7245
9325 5109
9326 8248
9327 3624
9328 4901
9329 4554
9330 8037
9331 7305
9332 4546
9333 5572
9334 9893
9335 605
9336 6522
9337 7352
9338 1642
9339 2438
9340 8099
9341 9340
9342 4877
9343 1944
9344 5697
9345 8113
9346 3823
9347 3568
9348 9903
9349 2258
9350 5590
9351 8650
9352 2278
9353 1446
9354 3129
9355 2643
9356 8027
9357 4387
9358 6519
9359 2530
9360 8363
9361 5288
9362 5158
9363 9079
9364 1721
9365 9872
9366 6259
9367 2710
9368 1739
9369 3337
9370 9850
9371 8406
9372 4725
9373 5746
9374 8576
9375 6472
9376 9586
9377 3128
9378 7202
9379 7758
9380 9484
9381 5613
9382 7306
9383 969
9384 5121
9385 8190
9386 3988
9387 5978
9388 544
9389 3475
9390 5551
9391 7793
9392 7043
9393 1435
9394 3745
9395 3758
9396 2329
9397 3161
9398 9620
9399 4488
9400 9498
9401 8487
9402 2238
9403 8362
9404 9623
9405 9097
9406 2281
9407 3897
9408 7306
9409 6735
9410 7858
9411 7386
9412 6019
9413 2851
9414 4978
9415 6766
9416 7273
9417 7430
9418 1754
9419 6139
9420 1485
9421 6244
9422 9217
9423 512
9424 4558
9425 9352
9426 9406
9427 9463
9428 8408
9429 6223
9430 6061
9431 4042
9432 4070
9433 7333
9434 2507
9435 6486
9436 3765
9437 9390
9438 5508
9439 4840
9440 8309
9441 1165
9442 7163
9443 7506
9444 4618
9445 9824
9446 1130
9447 6266
9448 7995
9449 2356
9450 1017
9451 9925
9452 5722
9453 3487
9454 1232
9455 5289
9456 2470
9457 7089
9458 5265
9459 6579
9460 6742
9461 686
9462 3147
9463 3312
9464 4641
9465 6173
9466 5557
9467 4270
9468 2655
9469 827
9470 689
9471 4190
9472 151
9473 4791
9474 9011
9475 6217
9476 7864
9477 1718
9478 4938
9479 8055
9480 7080
9481 719
9482 7479
9483 9311
9484 1584
9485 4346
9486 8892
9487 5462
9488 7392
9489 3393
9490 2079
9491 5508
9492 105
9493 7582
9494 3660
9495 3489
9496 4822
9497 7829
9498 526
9499 1835
9500 5706
9501 2814
9502 7509
9503 4279
9504 1429
9505 3988
9506 6229
9507 9926
9508 4603
9509 3007
9510 4137
9511 3537
9512 2525
9513 9546
9514 1934
9515 232
9516 2380
9517 462
9518 5971
9519 1319
9520 6634
9521 5711
9522 6870
9523 2891
9524 1543
9525 11
9526 1214
9527 2205
9528 1462
9529 214
9530 436
9531 5265
9532 1659
9533 3292
9534 8360
9535 9424
9536 9769
9537 1040
9538 5300
9539 207
9540 1162
9541 5424
9542 7993
9543 402
9544 5266
9545 739
9546 5088
9547 2016
9548 6211
9549 3950
9550 5643
9551 8771
9552 5909
9553 1572
9554 99
9555 4458
9556 3275
9557 2964
9558 1083
9559 9506
9560 4563
9561 3987
9562 9594
9563 4015
9564 1599
9565 4808
9566 334
9567 6197
9568 1910
9569 8648
9570 3419
9571 4896
9572 2785
9573 2875
9574 3293
9575 2067
9576 3267
9577 6483
9578 4742
9579 643
9580 8251
9581 8398
9582 4288
9583 2983
9584 3476
9585 6412
9586 5109
9587 8837
9588 8295
9589 9555
9590 627
9591 1132
9592 6669
9593 1644
9594 5325
9595 5856
9596 8000
9597 9223
9598 630
9599 3491
9600 4055
9601 9793
9602 1487
9603 8236
9604 6384
9605 825
9606 1283
9607 9979
9608 4221
9609 2034
9610 8001
9611 7480
9612 7565
9613 754
9614 9126
9615 7704
9616 8777
9617 1608
9618 9988
9619 7989
9620 8877
9621 6575
9622 881
9623 7067
9624 8634
9625 1052
9626 7731
9627 6146
9628 4718
9629 1260
9630 3356
9631 2097
9632 8486
9633 9192
9634 1557
9635 6515
9636 6018
9637 4768
9638 2674
9639 532
9640 3796
9641 2124
9642 7676
9643 8735
9644 822
9645 3676
9646 7067
9647 6548
9648 1121
9649 7049
9650 6811
9651 632
9652 6746
9653 3747
9654 8030
9655 6317
9656 9964
9657 3660
9658 4293
9659 9375
9660 3995
9661 1654
9662 5065
9663 1883
9664 7707
9665 4930
9666 4739
9667 3159
9668 6816
9669 6499
9670 5927
9671 2604
9672 8561
9673 2226
9674 4458
9675 9602
9676 310
9677 5281
9678 2314
9679 5427
9680 753
9681 3319
9682 424
9683 1908
9684 3178
9685 3348
9686 6227
9687 6969
9688 9344
9689 7624
9690 7924
9691 2925
9692 4169
9693 2847
9694 7291
9695 7173
9696 6931
9697 6636
9698 624
9699 3122
9700 1254
9701 6381
9702 380
9703 4183
9704 7155
9705 3390
9706 6141
9707 5843
9708 2978
9709 6147
9710 9707
9711 4303
9712 3501
9713 8622
9714 2785
9715 7307
9716 3139
9717 6948
9718 9930
9719 4105
9720 4258
9721 4775
9722 2293
9723 8457
9724 6561
9725 5157
9726 6666
9727 8236
9728 5832
9729 8826
9730 7584
9731 2016
9732 8085
9733 3309
9734 1482
9735 7197
9736 451
9737 885
9738 3162
9739 8198
9740 9497
9741 4209
9742 6223
9743 3268
9744 7571
9745 4053
9746 2097
9747 1341
9748 9841
9749 8352
9750 9932
9751 2207
9752 5142
9753 6685
9754 209
9755 5446
9756 4086
9757 2234
9758 9260
9759 693
9760 7208
9761 4435
9762 4266
9763 8020
9764 1794
9765 6595
9766 7607
9767 5126
9768 418
9769 1110
9770 6341
9771 2994
9772 6637
9773 9004
9774 2154
9775 9963
9776 3057
9777 4363
9778 8307
9779 3396
9780 8176
9781 6062
9782 1524
9783 4726
9784 4132
9785 1891
9786 1040
9787 4760
9788 8241
9789 5661
9790 5150
9791 9281
9792 5618
9793 3875
9794 741
9795 3715
9796 7159
9797 5044
9798 4781
9799 1977
9800 3095
9801 7109
9802 7659
9803 8916
9804 1700
9805 6999
9806 502
9807 2698
9808 6112
9809 2742
9810 7698
9811 1768
9812 2036
9813 8433
9814 7340
9815 3506
9816 1214
9817 304
9818 2151
9819 8939
9820 953
9821 7189
9822 7240
9823 5106
9824 9599
9825 8396
9826 5496
9827 843
9828 5177
9829 8822
9830 8559
9831 4807
9832 7502
9833 4429
9834 1893
9835 3143
9836 2227
9837 3154
9838 4801
9839 4683
9840 9366
9841 6605
9842 5934
9843 4589
9844 3963
9845 1234
9846 4410
9847 7867
9848 7875
9849 8080
9850 4741
9851 9000
9852 5047
9853 112
9854 1892
9855 8101
9856 435
9857 8118
9858 8709
9859 6890
9860 948
9861 9533
9862 1143
9863 1313
9864 9970
9865 5834
9866 4142
9867 811
9868 2764
9869 7883
9870 8846
9871 8616
9872 9395
9873 6511
9874 9391
9875 8313
9876 9
9877 3515
9878 7976
9879 7161
9880 7808
9881 7472
9882 8690
9883 2226
9884 6939
9885 1332
9886 6910
9887 1963
9888 2880
9889 9319
9890 4764
9891 6340
9892 4388
9893 9617
9894 6073
9895 5788
9896 3824
9897 7071
9898 3526
9899 5344
9900 9167
9901 9608
9902 5640
9903 3768
9904 3903
9905 4184
9906 157
9907 6086
9908 1914
9909 8948
9910 1397
9911 7794
9912 886
9913 5131
9914 7430
9915 6544
9916 2275
9917 638
9918 3139
9919 1556
9920 4739
9921 1423
9922 7004
9923 7335
9924 5800
9925 7217
9926 1380
9927 5625
9928 868
9929 7918
9930 35
9931 1950
9932 7632
9933 393
9934 433
9935 3307
9936 4449
9937 3905
9938 2576
9939 2456
9940 4485
9941 1616
9942 4181
9943 3234
9944 5269
9945 6913
9946 147
9947 7397
9948 8185
9949 259
9950 9599
9951 5018
9952 1482
9953 6877
9954 8466
9955 4359
9956 1796
9957 9085
9958 5358
9959 5825
9960 333
9961 7108
9962 5850
9963 8957
9964 3175
9965 1725
9966 6561
9967 1972
9968 6656
9969 7023
9970 5010
9971 4111
9972 4983
9973 2148
9974 5362
9975 2997
9976 119
9977 8400
9978 5975
9979 6840
9980 6015
9981 1843
9982 892
9983 4628
9984 5107
9985 7041
9986 5571
9987 5465
9988 9354
9989 1771
9990 328
9991 8428
9992 1389
9993 3656
9994 6244
9995 5791
9996 6356
9997 150
9998 2584
9999 6253
