100 100
0 3
1 88
2 14
3 17
4 11
5 32
6 47
7 87
8 93
9 24
10 4
11 12
12 32
13 47
14 80
15 39
16 85
17 7
18 21
19 2
20 95
21 60
22 98
23 34
24 6
25 24
26 23
27 53
28 68
29 71
30 94
31 16
32 71
33 57
34 9
35 82
36 56
37 77
38 83
39 75
40 49
41 99
42 68
43 44
44 16
45 20
46 88
47 26
48 68
49 78
50 40
51 49
52 55
53 38
54 99
55 17
56 5
57 53
58 16
59 1
60 73
61 72
62 89
63 87
64 97
65 66
66 78
67 46
68 87
69 97
70 88
71 60
72 95
73 34
74 10
75 4
76 66
77 23
78 36
79 18
80 42
81 5
82 28
83 58
84 37
85 79
86 61
87 44
88 19
89 43
90 5
91 10
92 3
93 97
94 68
95 56
96 44
97 14
98 66
99 65